955 2825
803 121
551 794
8 853
188 246
61 352
400 823
1 810
722 599
461 385
464 363
473 228
303 418
433 391
605 553
537 825
759 910
851 579
230 566
87 440
241 786
170 420
101 811
928 942
843 919
807 816
461 926
8 38
566 697
491 497
698 251
184 487
807 641
453 43
669 672
103 574
345 558
589 808
664 705
661 529
700 135
849 571
850 276
760 799
575 923
227 745
84 102
698 787
897 417
59 288
704 480
226 307
564 437
270 312
532 512
47 541
703 505
434 426
584 847
18 320
664 189
297 661
13 635
845 83
386 920
532 248
176 620
13 407
222 277
728 469
865 368
520 480
60 425
50 339
17 599
622 803
371 530
905 846
723 639
323 64
184 47
257 370
314 261
173 424
247 603
244 783
142 477
716 53
455 35
332 724
189 147
637 703
729 812
655 532
915 866
553 171
455 432
23 300
647 363
44 119
174 680
359 724
713 699
129 300
220 925
67 541
498 859
246 645
443 769
841 113
420 738
658 81
665 937
705 223
45 33
887 830
304 592
896 505
155 181
790 815
39 146
284 731
145 206
255 703
878 861
627 437
854 955
340 159
303 21
108 467
755 930
395 592
246 668
288 637
822 707
141 833
165 426
402 473
829 659
136 160
156 35
394 760
271 935
93 323
155 509
429 758
638 250
801 854
44 651
755 826
371 5
868 461
448 400
239 312
912 52
505 190
733 847
19 894
647 35
135 693
687 311
428 347
788 606
294 706
937 125
284 698
430 2
197 285
594 675
170 394
691 155
108 765
181 95
492 17
555 174
518 54
779 588
156 275
303 27
323 482
630 736
311 43
153 582
890 905
232 670
553 530
742 663
666 121
479 929
235 338
176 266
12 736
476 323
114 250
552 120
337 342
887 591
143 404
49 279
719 928
431 563
205 891
474 812
806 46
614 552
298 465
121 133
449 272
700 16
657 353
807 510
511 909
773 245
946 330
240 400
374 576
801 212
335 775
795 867
417 629
658 589
936 482
771 717
296 65
344 645
868 847
100 465
137 252
104 916
784 822
30 625
570 209
259 858
41 787
480 322
649 556
621 77
162 78
521 841
868 528
6 340
462 954
504 589
909 702
762 113
87 838
254 466
410 282
583 731
32 851
671 844
845 145
902 88
73 896
57 11
256 725
738 617
136 460
528 290
328 925
683 472
175 552
480 712
591 742
852 411
129 282
275 154
336 279
101 25
873 48
889 314
942 913
483 108
804 303
913 523
257 932
773 596
797 621
725 496
467 941
800 41
891 543
74 258
705 612
6 680
395 732
125 43
733 481
515 178
916 252
873 751
485 163
415 875
415 253
400 133
498 528
591 116
221 389
837 468
696 2
16 719
199 668
347 319
380 847
313 131
704 892
14 794
706 528
599 574
653 55
359 655
363 773
932 836
720 637
937 681
705 562
742 34
708 931
929 391
167 729
550 79
534 245
220 837
352 534
97 408
927 773
613 160
618 578
621 289
650 752
480 915
669 255
67 149
231 4
826 935
180 476
273 89
740 937
168 731
616 90
260 865
870 494
306 300
89 900
21 73
881 458
701 780
557 699
409 576
528 53
325 731
803 324
663 146
371 223
67 13
694 369
948 564
289 307
952 559
44 158
120 204
903 108
806 652
526 71
285 683
724 660
475 542
591 836
617 902
302 733
488 633
876 15
899 525
205 207
123 497
566 200
715 280
471 955
534 554
41 716
742 905
157 871
377 177
379 622
505 927
783 739
279 777
813 284
758 754
836 24
430 355
802 152
276 620
869 363
372 917
582 703
433 769
386 579
136 102
543 288
353 466
2 777
277 795
222 803
812 908
858 584
436 188
900 511
703 608
515 33
693 442
294 693
670 784
786 840
553 595
587 402
257 212
331 109
242 135
649 539
299 4
780 827
466 751
396 697
382 648
629 452
555 550
890 682
214 906
300 246
149 29
154 189
229 941
881 502
265 156
223 131
560 563
924 166
321 159
671 348
582 681
514 934
641 726
877 461
241 349
22 753
561 479
834 87
202 551
799 534
379 644
822 262
736 542
241 667
4 734
852 951
585 879
892 893
35 266
590 326
358 753
604 249
217 361
380 126
628 314
294 18
296 717
207 322
785 52
901 591
77 40
93 233
392 795
376 309
839 782
471 863
366 901
792 582
741 711
564 832
893 908
490 468
662 587
738 366
831 799
740 800
302 162
512 789
360 727
271 203
881 605
809 656
77 667
62 927
913 429
950 415
200 826
609 543
416 545
355 150
692 63
16 509
181 392
19 335
669 793
675 46
419 89
297 162
320 205
933 852
23 615
111 626
365 926
574 281
906 572
392 4
598 820
185 678
574 94
206 646
135 51
928 37
363 376
733 196
751 549
865 129
423 372
483 729
542 79
447 935
564 387
430 382
420 493
451 448
804 730
135 703
355 381
692 495
952 905
37 921
420 380
829 658
369 69
546 354
191 848
250 252
561 929
456 659
649 923
383 56
4 34
91 276
231 643
880 293
616 919
459 287
171 777
479 848
120 260
88 579
686 733
150 213
522 898
890 911
244 660
502 368
121 344
470 827
676 754
24 121
758 36
390 770
624 165
620 61
400 75
254 534
400 50
510 699
134 582
548 202
312 728
575 162
577 263
263 253
601 214
285 325
305 399
605 337
453 196
668 778
779 777
279 456
375 126
468 669
748 756
457 786
738 485
632 714
134 5
192 28
335 652
229 663
269 579
145 362
255 602
66 45
467 921
80 231
152 756
892 558
424 505
154 303
79 461
268 877
643 779
95 886
342 256
383 70
700 260
406 598
809 38
653 954
85 157
422 886
153 872
351 629
907 848
406 468
937 149
78 103
191 662
697 651
555 914
721 881
742 398
429 898
490 752
826 521
496 156
918 243
443 810
280 248
923 555
634 881
528 660
654 372
906 67
14 98
875 95
21 687
249 421
319 581
52 832
592 695
667 293
723 192
356 734
547 37
750 540
611 64
686 39
652 518
29 150
31 603
451 402
52 614
200 295
736 292
437 753
645 60
901 759
153 60
409 375
392 409
413 61
786 569
164 562
111 789
592 189
369 884
521 119
317 12
598 552
31 889
808 912
808 485
718 150
222 411
334 881
243 617
178 805
587 67
506 911
492 312
699 682
361 331
885 165
840 777
407 417
669 633
798 249
329 519
112 95
269 61
895 348
769 405
425 853
462 754
564 196
53 885
450 887
566 228
750 257
659 121
327 720
276 453
538 912
595 225
227 411
376 734
31 870
33 3
740 275
326 806
73 770
735 51
139 762
634 936
728 259
385 339
358 728
290 88
129 363
427 522
942 159
138 4
160 564
893 62
343 875
843 163
630 947
5 399
42 25
272 366
800 382
656 403
838 474
540 597
848 837
386 412
389 38
105 557
212 308
621 741
732 85
625 53
678 450
702 382
726 39
561 155
872 5
302 872
360 654
682 689
147 125
883 772
405 898
32 880
841 580
678 854
182 235
648 752
281 202
122 661
690 278
375 400
840 674
268 443
90 453
903 531
346 318
356 214
489 85
341 870
250 848
109 853
540 580
354 467
480 794
483 173
946 815
121 741
124 855
33 142
767 634
810 283
172 317
390 209
545 606
31 575
224 337
844 33
81 465
515 572
127 23
242 648
425 729
190 205
409 193
769 215
575 665
615 350
601 603
47 104
530 114
437 242
814 837
579 313
136 301
524 494
428 283
341 534
509 149
238 390
99 604
319 436
588 936
251 594
569 348
154 719
675 641
170 241
572 82
405 630
146 211
3 752
610 658
340 568
683 521
834 42
905 938
254 131
410 773
213 415
126 613
129 939
866 507
575 449
905 173
502 514
339 924
529 903
472 593
803 695
753 606
203 54
96 236
268 147
843 102
56 308
24 488
61 488
707 416
411 879
450 907
767 218
931 277
723 557
136 784
263 328
908 465
822 803
642 6
181 698
935 474
794 509
726 531
267 538
804 940
705 253
274 511
576 200
522 451
761 521
467 863
175 504
931 927
571 114
917 98
635 874
134 802
780 81
602 714
336 117
663 947
759 453
864 799
729 696
945 812
901 154
76 531
712 126
444 717
378 211
630 851
143 822
892 674
633 453
597 252
707 1
484 369
502 112
589 405
383 354
314 871
156 24
196 842
33 376
730 398
344 562
765 465
38 321
739 468
817 803
216 322
538 492
118 802
926 149
306 152
398 135
538 229
75 22
146 558
25 750
154 100
507 124
90 12
452 924
499 881
206 304
916 314
194 949
160 525
580 103
897 232
514 161
258 930
482 293
580 97
376 138
50 426
450 775
342 793
625 294
64 148
151 424
944 471
907 221
943 747
681 485
296 901
379 539
698 608
342 934
837 653
498 391
236 682
394 535
468 498
595 165
461 454
79 877
45 483
767 666
384 550
231 247
552 259
533 303
863 616
596 949
538 554
504 474
822 553
198 322
829 512
274 169
40 369
224 803
596 804
707 763
672 598
765 818
434 697
202 685
807 557
886 933
133 243
816 417
542 810
69 320
21 555
256 706
495 332
154 955
449 476
545 759
33 570
313 111
54 912
917 30
719 299
519 446
5 346
462 501
321 298
634 879
876 707
401 847
898 112
807 14
824 128
724 277
639 847
145 472
92 436
20 713
888 212
920 705
61 793
173 831
444 633
834 441
556 130
366 115
26 156
569 295
653 476
240 243
517 407
875 459
608 56
511 624
113 468
689 281
47 41
731 361
536 436
183 100
922 827
889 308
462 670
580 69
551 953
67 356
446 792
14 11
92 831
571 385
328 557
700 574
774 806
246 48
514 900
486 948
488 275
301 313
511 948
441 643
482 337
392 516
68 284
287 487
861 926
520 234
539 134
279 131
546 294
564 585
877 73
694 942
844 183
29 446
674 136
894 567
128 300
310 19
424 915
722 51
498 796
455 864
248 934
83 209
474 693
178 625
50 826
16 246
75 507
18 849
104 781
709 899
445 368
954 820
506 536
202 391
476 298
594 645
313 607
7 57
33 710
859 133
53 70
625 589
149 915
387 229
762 885
11 708
947 400
731 463
847 937
809 521
535 738
314 328
888 376
651 436
883 430
228 323
349 171
932 838
578 457
944 265
671 627
631 206
487 729
568 825
811 341
817 46
677 809
78 562
398 895
127 519
211 365
579 606
475 488
674 609
230 82
513 119
37 562
480 314
637 834
49 729
431 617
400 13
915 491
609 404
710 363
135 618
651 862
193 909
910 50
569 518
803 619
240 22
348 303
562 735
423 777
384 416
355 554
462 338
579 724
526 952
172 943
519 796
757 170
138 322
822 312
242 91
388 859
155 624
669 206
48 821
231 63
752 316
934 592
630 853
387 687
10 235
233 941
362 205
932 113
548 921
867 668
707 349
641 798
362 92
426 689
942 356
266 774
505 556
508 397
238 111
510 752
791 666
407 173
785 360
400 453
110 496
603 405
851 773
326 866
138 347
239 398
683 205
833 383
409 29
289 631
142 915
254 73
645 467
222 747
722 893
209 131
135 208
891 491
466 169
656 505
913 923
91 316
628 528
369 453
574 1
706 393
299 613
654 466
323 276
906 316
581 523
759 794
26 71
725 721
586 429
412 125
566 852
255 934
517 368
84 904
7 824
338 68
635 520
89 347
54 776
404 356
722 884
47 748
783 151
242 688
224 365
98 193
173 657
304 832
106 474
441 151
828 517
270 274
596 439
27 699
858 919
711 475
158 489
417 142
752 290
57 717
684 68
650 500
500 499
876 1
316 830
589 193
349 146
258 284
462 100
121 115
636 233
159 539
540 243
148 307
6 748
614 529
209 270
672 755
430 267
855 243
74 900
537 722
240 766
847 638
81 574
892 918
121 333
356 663
909 765
807 438
918 629
779 839
725 143
395 638
141 78
344 870
845 764
719 417
519 708
26 709
952 230
68 226
675 90
640 669
734 856
224 928
582 42
69 562
933 153
347 401
838 270
752 203
400 773
710 221
507 519
97 794
98 53
559 160
119 750
62 925
546 183
128 927
364 272
771 935
496 664
242 427
78 829
190 262
707 120
301 257
46 810
53 22
680 491
23 638
171 183
355 850
864 583
680 720
950 703
755 277
42 607
79 45
522 555
834 59
710 586
290 385
863 844
447 618
378 812
921 778
365 151
96 616
187 181
354 232
744 800
525 816
233 746
514 800
888 392
277 838
459 943
151 678
482 945
659 358
708 861
488 312
537 882
400 274
341 133
927 642
568 364
721 144
484 448
75 876
222 237
942 881
91 825
137 206
367 348
774 57
831 749
758 519
338 796
687 210
151 528
213 871
30 151
107 445
166 301
387 16
879 1
176 882
430 406
840 473
530 64
783 845
608 853
200 706
241 860
590 636
810 464
511 70
189 544
552 945
738 46
117 83
889 426
796 946
894 515
36 420
844 505
277 840
650 879
371 15
321 297
892 32
584 369
451 103
535 293
917 142
205 609
152 8
135 890
671 836
72 810
716 568
404 422
524 106
746 355
172 855
767 289
805 695
757 640
926 317
754 852
912 705
949 580
841 843
789 678
333 159
760 117
428 514
605 765
109 451
383 270
631 905
319 173
893 749
303 914
821 230
586 608
878 546
220 121
697 67
706 860
266 881
395 95
877 516
217 454
454 800
220 488
90 286
557 434
577 937
453 243
284 231
768 787
569 412
926 272
795 789
728 304
229 914
70 649
729 460
359 185
95 692
932 87
88 1
553 814
189 484
134 90
248 10
104 783
599 185
303 364
13 193
123 120
566 791
664 572
746 778
23 40
707 181
390 131
34 953
913 886
349 218
276 667
483 879
753 391
747 510
784 260
416 377
570 854
880 733
862 392
296 276
774 355
534 427
250 846
653 712
690 594
919 734
452 591
47 899
787 797
694 622
715 776
37 244
383 653
387 413
487 264
933 394
783 754
524 230
712 926
33 8
291 691
623 530
76 170
561 363
618 549
603 865
766 751
362 682
533 1
845 740
513 855
283 10
242 273
665 425
814 97
544 144
728 738
363 559
558 945
617 750
429 771
322 757
876 172
234 627
809 810
365 689
276 892
599 571
547 68
213 525
343 505
698 687
1 437
809 955
740 709
942 633
488 767
412 789
569 658
549 372
881 899
571 260
582 357
437 336
870 816
797 240
138 2
180 844
609 749
684 871
936 703
247 863
933 242
454 352
202 281
19 837
774 771
584 737
129 159
907 117
581 854
716 273
412 679
840 80
609 373
475 538
260 740
922 756
812 635
689 679
214 847
801 561
269 432
827 228
59 517
391 706
603 448
255 206
918 689
26 534
551 682
109 851
388 288
210 320
263 206
720 493
56 550
20 65
220 854
600 887
521 954
559 119
929 240
927 901
885 557
554 88
666 363
479 695
354 162
851 352
15 492
625 616
4 200
110 834
622 762
129 380
535 257
644 565
525 897
285 444
342 311
472 786
192 422
21 797
763 558
705 367
27 248
374 807
676 312
861 697
850 653
246 514
304 415
691 221
837 913
144 931
607 876
424 435
740 761
885 901
634 273
892 556
285 698
455 163
916 727
576 410
259 939
879 281
727 701
839 132
895 379
41 223
608 787
640 91
400 421
885 769
791 683
204 839
645 667
526 635
140 479
655 797
624 207
275 97
685 598
335 229
30 192
639 498
15 692
310 271
935 146
717 437
98 32
795 74
372 553
388 316
424 804
363 76
218 268
920 520
119 810
931 747
715 256
593 506
475 234
937 331
685 115
338 277
249 918
198 659
767 821
220 171
57 612
573 275
296 801
902 833
649 739
616 405
356 347
10 540
364 662
584 883
787 3
203 271
611 154
277 199
906 406
254 16
621 919
734 515
333 602
475 825
818 508
138 640
396 29
642 142
570 723
240 871
276 496
556 917
601 516
50 152
309 507
89 582
473 441
241 181
525 330
98 825
785 815
401 325
882 950
924 714
879 585
894 203
694 553
178 566
606 374
265 359
514 806
880 298
306 700
480 839
209 383
325 27
788 274
903 500
861 518
372 844
377 286
268 352
342 172
915 913
943 342
717 880
421 334
5 527
427 596
541 589
569 278
91 86
664 585
258 189
294 551
337 810
854 186
250 355
486 320
362 377
402 870
424 367
665 660
685 403
151 283
46 55
772 691
699 629
188 53
81 544
796 297
527 733
15 648
416 746
678 214
330 509
483 448
942 299
635 279
928 539
152 270
71 507
422 277
6 899
245 639
25 15
806 48
555 742
756 730
298 581
27 187
214 593
360 672
677 658
756 412
779 111
527 432
303 570
770 61
817 852
436 78
549 399
756 690
48 721
877 674
161 601
366 473
574 642
386 235
316 445
13 893
412 827
910 852
365 426
352 444
523 10
559 269
797 83
218 700
438 275
664 593
369 568
631 800
299 654
13 916
676 510
915 456
653 566
835 609
854 207
565 861
126 267
571 49
141 816
21 80
97 7
190 310
377 905
69 105
270 234
309 922
608 58
771 237
132 690
316 636
690 487
533 102
225 276
575 577
301 151
897 149
472 209
694 524
563 466
42 793
389 374
157 455
945 505
220 408
168 739
278 55
647 373
544 20
428 173
303 53
360 661
930 769
420 698
628 711
703 674
355 560
779 146
585 140
612 854
255 614
697 619
759 587
616 629
856 719
70 471
308 947
476 849
316 661
715 133
735 645
381 351
359 177
70 300
295 212
867 175
407 421
135 864
887 895
600 295
360 385
750 857
125 714
146 465
580 504
230 49
712 197
659 117
272 401
788 26
462 420
743 294
48 765
734 362
328 605
854 766
246 607
837 812
751 71
842 680
865 34
74 401
563 141
870 22
855 800
459 19
578 455
947 774
446 796
549 17
475 179
576 556
282 100
391 458
908 317
214 540
606 408
933 259
772 765
898 848
849 840
593 531
813 866
361 374
216 90
35 702
896 204
440 771
350 912
132 227
461 659
724 306
31 129
269 438
933 42
348 734
517 208
834 651
30 706
191 26
307 569
15 360
366 20
774 881
403 884
190 795
176 550
378 27
415 457
281 50
781 844
51 483
578 842
501 223
232 861
835 723
752 750
434 757
842 246
222 620
498 461
668 292
580 905
816 639
177 93
452 516
162 148
623 769
934 419
732 509
251 473
83 903
501 390
679 752
284 743
690 862
510 867
74 680
806 233
398 784
260 650
614 619
460 890
873 668
793 534
533 170
436 390
402 937
738 335
153 648
353 606
46 118
395 337
307 403
108 338
147 903
648 501
543 406
819 108
72 679
434 50
750 227
164 706
916 689
24 778
152 489
244 90
172 463
706 710
547 237
362 272
77 326
195 656
112 567
925 793
199 386
1 415
399 76
368 646
340 178
371 573
561 605
856 923
530 113
492 342
473 461
516 44
131 198
246 839
375 903
342 308
401 233
901 774
367 670
262 917
110 664
749 669
734 243
632 10
523 304
546 797
945 614
346 352
516 814
97 900
81 706
351 795
160 272
218 281
211 630
450 911
746 20
930 846
485 268
665 413
887 849
817 829
72 170
810 411
118 363
317 889
819 606
514 668
451 635
128 758
201 896
348 849
807 815
848 479
477 115
850 56
26 221
745 707
228 49
844 368
179 2
128 170
642 665
165 694
188 889
758 704
219 880
10 130
727 708
583 416
785 489
863 302
337 632
714 601
470 710
566 619
254 562
737 734
76 278
204 232
449 247
69 678
342 433
252 764
932 334
221 619
954 831
77 369
3 594
590 890
617 159
304 889
907 916
227 888
239 237
829 477
62 777
641 775
68 462
90 775
333 41
373 114
528 583
197 292
326 541
241 775
865 282
684 204
427 189
138 757
839 778
629 781
779 551
763 532
602 244
642 501
666 511
775 691
939 634
43 577
566 530
333 621
245 128
390 171
247 235
700 48
775 849
704 179
361 556
69 227
665 658
120 517
717 179
337 254
708 848
677 751
309 901
260 830
98 817
615 372
928 662
926 481
751 835
916 191
367 586
595 69
479 12
210 528
265 286
303 873
643 132
555 851
58 473
719 433
695 421
108 441
112 790
634 903
381 849
526 406
863 72
810 657
133 683
373 609
508 546
199 229
720 890
8 400
543 353
780 533
305 741
56 839
365 142
644 850
313 88
60 9
280 271
210 666
337 802
276 160
203 953
94 231
617 379
53 151
57 204
609 783
742 343
525 435
831 705
550 389
213 101
310 665
461 845
880 422
943 222
747 380
359 423
804 304
862 607
557 777
567 627
93 691
39 12
281 313
121 570
582 930
125 589
805 480
767 819
460 128
73 520
203 585
847 1
117 425
228 313
103 273
381 773
21 852
371 105
7 463
895 79
44 866
955 644
171 891
188 736
138 413
364 642
351 851
825 682
269 401
306 806
715 500
809 676
458 474
459 472
774 588
385 832
705 190
192 23
414 335
307 326
774 906
775 946
174 26
501 472
931 701
643 442
238 55
171 880
524 820
318 79
925 616
876 359
804 4
898 65
475 77
77 791
947 65
732 761
35 539
950 478
329 314
609 21
809 96
741 560
851 519
114 895
869 407
836 734
908 195
452 662
101 286
146 867
515 35
202 935
132 786
573 660
99 171
929 51
469 293
17 63
404 913
498 874
465 168
47 56
126 910
427 116
683 710
304 180
589 629
22 290
896 772
786 580
35 382
493 711
460 528
579 7
525 522
506 178
643 313
845 376
166 779
790 703
209 478
31 155
144 309
91 107
846 233
519 189
161 823
465 504
446 767
104 466
692 552
876 650
171 871
426 62
597 186
160 577
927 718
87 317
254 456
291 94
936 137
348 450
149 868
591 893
443 139
944 249
157 155
696 927
950 419
721 786
242 409
557 718
302 583
533 831
132 437
425 24
489 507
786 3
697 863
593 902
908 562
637 492
485 538
289 828
221 303
149 280
323 694
641 717
308 436
256 519
684 856
534 395
719 717
809 86
936 89
674 878
886 792
100 72
676 385
302 114
395 710
451 56
179 530
271 184
125 710
223 708
617 476
50 400
162 822
412 273
294 527
225 321
872 345
690 269
412 606
497 577
41 892
655 452
324 639
471 77
401 17
330 905
790 158
867 98
99 313
580 550
800 756
536 814
476 47
884 860
372 558
632 226
85 231
875 883
894 827
183 80
573 915
292 193
566 796
273 505
721 109
133 572
890 345
858 597
369 75
114 603
870 835
525 412
391 773
104 415
534 955
419 923
403 510
831 267
923 361
119 80
670 320
87 131
771 510
2 874
245 223
922 299
122 153
62 549
162 955
326 238
881 210
904 23
276 634
211 657
801 804
398 952
513 882
808 435
354 358
954 107
828 475
290 211
905 435
635 412
602 719
256 628
757 865
465 865
335 874
600 846
216 771
334 495
919 632
851 136
653 118
74 816
384 173
410 625
766 723
626 212
185 823
627 904
666 568
480 64
32 749
948 811
292 378
41 625
243 150
299 216
600 853
52 602
716 623
918 182
703 270
924 636
834 380
46 806
307 610
768 16
769 134
939 947
834 218
59 553
513 844
453 235
517 689
595 696
707 863
357 90
124 910
714 448
8 292
717 885
554 681
24 692
740 42
335 695
675 503
804 696
734 520
314 69
117 69
742 397
209 695
854 764
177 340
471 110
74 174
898 99
442 601
170 701
524 604
542 472
30 59
251 442
651 873
895 392
494 473
708 878
98 111
196 913
103 378
915 881
952 741
147 654
599 647
741 756
854 358
768 157
399 783
735 124
349 583
868 713
57 71
83 48
28 759
50 795
660 778
423 924
389 796
712 751
825 113
308 364
200 813
165 293
148 355
668 156
445 618
791 462
230 789
736 610
452 185
272 916
934 123
576 40
953 865
814 651
66 861
566 662
916 833
51 402
124 923
949 785
805 119
845 597
296 89
495 475
177 413
51 282
417 955
313 160
520 307
756 700
900 825
813 701
762 746
555 98
487 66
173 502
189 947
462 505
714 620
70 313
272 128
573 334
740 692
299 172
942 712
155 22
265 423
88 766
394 517
201 143
884 916
395 91
326 172
347 668
349 688
483 866
880 328
53 546
495 604
550 695
318 69
763 712
31 707
575 754
250 163
692 830
772 313
187 779
304 533
84 731
550 263
552 930
665 824
390 896
410 66
727 3
236 688
793 643
465 37
319 326
563 809
52 184
859 312
240 125
298 24
160 280
338 774
854 509
795 559
103 636
343 859
522 422
789 280
242 928
412 439
472 218
91 52
411 514
188 423
322 785
550 584
242 130
244 757
740 879
407 253
372 769
690 593
884 105
48 809
90 510
113 620
458 634
903 48
720 652
263 372
414 693
769 602
662 17
821 874
779 896
798 735
359 575
803 300
219 770
733 591
574 102
225 405
526 197
585 834
930 245
117 831
675 337
69 66
34 228
785 868
535 819
707 791
696 612
344 185
54 809
222 406
455 80
689 571
579 804
836 448
214 675
416 629
265 189
55 636
700 780
214 199
899 826
574 248
544 630
546 275
152 23
471 595
259 40
795 551
300 708
474 688
51 864
161 224
548 500
610 910
723 51
651 318
449 685
582 735
147 857
216 447
569 791
712 911
735 599
328 544
57 145
19 838
932 423
191 250
233 426
269 231
878 32
537 815
296 155
547 853
876 927
731 334
787 812
862 642
459 508
518 288
303 692
65 136
138 155
66 684
667 79
418 517
191 215
24 361
484 549
505 357
307 945
916 906
351 765
174 941
953 347
341 210
1 309
661 84
9 469
887 861
124 392
913 600
421 251
313 482
605 66
831 149
835 110
943 145
