934 1114
307 296
134 324
712 227
517 543
132 748
45 323
581 722
737 775
508 566
523 317
236 613
630 770
625 724
844 395
379 511
466 222
631 696
625 337
852 59
640 353
856 329
697 867
885 154
85 512
203 791
901 230
749 377
841 679
559 608
440 794
75 669
136 425
639 399
786 605
762 587
880 794
783 232
776 16
345 9
186 738
482 602
543 651
886 250
222 240
70 317
100 805
760 91
287 613
178 868
308 871
387 393
94 287
545 573
553 535
911 304
365 565
390 718
398 523
489 544
170 644
532 633
45 461
374 269
186 471
759 349
126 662
72 41
585 269
433 440
137 203
564 498
827 322
164 532
351 479
538 498
698 376
853 436
194 467
451 812
808 354
29 552
568 316
124 618
24 59
679 141
376 901
642 129
878 600
780 5
796 495
825 123
21 902
122 560
851 97
295 520
850 778
889 564
34 70
366 447
380 395
758 792
344 69
406 740
104 339
591 381
54 167
115 94
362 897
6 278
336 710
264 262
504 883
419 657
427 588
890 366
172 675
851 191
114 557
324 681
316 286
140 736
913 861
358 799
754 817
688 188
451 867
89 672
769 905
410 682
219 744
872 155
5 930
310 417
695 180
214 729
55 557
315 238
890 929
669 638
718 740
923 217
446 200
804 144
574 387
352 752
665 238
698 772
26 877
470 780
290 709
774 686
80 786
660 784
466 503
246 35
130 157
823 5
347 315
218 599
607 430
871 370
526 696
351 748
102 290
609 550
463 647
815 466
330 480
144 825
399 282
449 175
23 344
418 528
387 456
391 814
364 628
541 402
362 241
549 816
301 547
185 707
757 97
896 77
673 730
417 138
188 365
178 386
707 4
809 665
192 449
237 173
323 855
837 556
211 81
359 78
576 775
473 583
786 485
572 770
700 6
96 158
551 28
832 478
578 261
844 56
317 154
213 131
484 404
777 430
237 88
380 514
283 363
561 555
355 606
734 374
768 762
147 674
747 169
813 712
859 389
10 192
194 613
57 899
132 278
728 447
299 711
862 84
155 236
601 921
576 241
637 833
305 249
717 456
211 375
633 478
82 917
884 928
300 630
109 832
901 195
188 229
417 149
645 292
656 624
677 485
230 189
332 768
637 704
19 837
73 42
350 131
197 352
70 503
424 754
660 482
500 498
224 125
813 525
225 923
193 185
11 158
453 390
62 749
392 789
5 339
667 752
547 304
808 243
755 169
264 903
485 188
580 468
568 213
284 742
109 75
689 114
829 690
548 307
98 256
403 711
679 493
75 730
783 161
150 627
207 683
792 888
846 34
723 277
12 469
158 268
508 292
417 695
418 149
662 538
732 233
481 177
857 204
48 1
877 241
760 226
837 59
43 399
124 601
485 797
686 784
127 67
749 514
831 722
106 909
754 610
493 346
645 56
367 267
93 129
518 695
661 881
480 67
507 777
189 525
627 552
399 204
184 272
11 900
656 447
346 248
686 626
489 725
429 356
108 568
359 88
2 276
647 530
504 727
94 51
68 510
221 582
542 609
448 218
496 452
396 836
670 585
861 671
611 244
550 768
289 335
793 730
197 358
592 603
650 219
621 573
898 194
713 562
430 842
446 582
411 860
766 873
864 321
247 211
203 426
262 210
445 784
516 563
481 247
556 77
835 362
170 550
865 210
465 565
162 886
497 251
117 88
524 680
679 3
664 179
573 829
853 603
258 744
873 598
355 158
428 56
554 143
836 837
127 525
191 216
832 23
320 9
900 406
10 790
882 197
133 419
920 233
639 299
246 823
709 425
492 794
90 758
876 505
521 700
720 438
608 587
519 645
806 247
3 189
42 311
739 359
716 760
245 498
115 298
162 881
184 628
526 267
797 753
623 854
868 233
323 162
486 390
867 384
822 44
792 219
186 630
449 369
400 338
181 410
72 585
717 473
421 54
898 597
190 551
381 113
591 406
152 798
685 548
403 900
205 556
426 409
742 131
666 168
52 796
111 530
487 601
95 575
662 216
534 179
381 519
768 559
865 421
618 48
487 678
601 339
522 28
204 818
759 757
856 45
373 869
156 448
801 448
912 652
278 319
165 893
413 688
805 835
760 873
242 758
381 722
221 893
779 412
714 6
884 208
233 928
449 527
526 507
404 522
123 586
645 827
307 608
805 234
335 334
382 793
735 236
402 438
389 10
429 227
913 270
490 518
339 164
115 635
639 410
405 259
831 556
223 666
157 407
375 413
371 534
776 667
386 388
247 286
160 794
575 491
375 92
674 619
724 382
697 108
238 88
306 861
537 365
291 569
562 115
417 521
246 299
11 313
919 856
686 648
699 253
217 394
577 717
157 807
934 75
129 557
250 630
17 862
64 608
264 788
593 578
775 659
3 41
464 309
128 362
15 457
819 759
919 377
817 211
21 429
461 417
805 228
590 178
108 494
317 522
471 136
532 501
596 424
259 500
800 626
703 497
419 338
280 152
369 889
18 617
330 922
466 575
133 330
654 898
718 710
168 836
125 422
775 163
146 877
201 91
680 461
235 779
522 400
619 329
652 198
859 742
274 570
399 924
651 119
69 488
90 714
79 900
729 360
658 112
197 797
570 345
474 239
368 550
156 863
701 295
757 186
356 403
561 42
3 829
753 97
106 473
923 168
454 695
892 283
88 172
836 130
700 582
358 212
61 451
77 513
312 648
734 448
20 547
453 844
597 187
297 662
767 566
26 735
5 921
56 88
526 687
64 599
366 373
850 885
341 818
571 35
705 820
521 493
744 480
831 8
906 772
834 297
883 861
375 156
280 588
834 446
568 389
476 278
837 88
672 326
709 244
693 671
375 186
842 832
766 723
286 196
896 707
294 273
90 850
114 71
370 333
554 644
56 376
817 561
803 448
382 745
40 172
94 472
898 423
691 816
634 267
127 522
637 763
444 394
50 661
275 641
868 353
364 726
843 827
690 727
15 155
106 460
113 755
764 30
765 136
430 254
317 702
794 448
693 887
711 376
7 423
884 893
727 437
730 587
435 622
872 820
355 229
112 177
132 589
251 580
184 679
239 245
282 124
618 847
283 28
308 776
821 625
310 832
340 187
282 187
228 291
689 618
345 102
595 282
408 101
214 165
261 851
103 933
598 359
723 483
700 698
23 678
137 6
761 776
545 579
69 400
287 325
649 675
505 891
804 726
232 199
700 263
561 174
768 188
439 420
657 264
97 343
794 536
477 650
635 850
453 807
470 911
192 405
933 243
912 97
801 742
926 254
718 841
216 548
499 533
490 31
841 609
524 827
103 475
52 309
302 151
475 876
545 580
22 526
743 484
156 386
119 700
424 114
541 483
279 107
571 607
519 182
266 35
19 21
121 394
719 781
664 573
57 824
927 816
429 784
145 591
400 26
685 179
765 185
492 92
899 804
126 216
521 175
164 288
827 151
724 140
83 124
573 896
349 702
893 442
147 250
920 826
598 890
414 548
299 114
24 416
767 352
153 777
834 890
237 502
142 17
676 292
909 653
356 275
874 614
257 527
597 457
312 802
374 796
850 511
240 46
156 711
605 400
339 118
425 160
141 727
742 872
476 624
343 28
490 838
133 18
556 115
361 55
84 810
456 883
473 750
430 317
822 741
300 93
84 466
208 166
854 414
497 805
288 408
545 598
773 357
584 750
232 908
37 422
253 394
146 613
524 332
22 814
391 243
162 13
609 67
832 434
223 756
390 263
118 96
838 69
225 738
616 611
767 349
72 214
627 794
846 583
38 896
519 260
91 120
43 737
338 248
378 16
589 148
726 831
361 364
478 507
369 811
365 577
129 461
627 341
27 441
796 920
179 78
30 107
897 165
393 592
430 170
433 761
325 571
142 227
607 369
622 151
175 561
212 509
410 208
54 802
814 414
860 201
347 351
158 127
429 454
680 862
161 211
227 294
581 801
645 252
255 160
150 465
490 105
585 26
280 606
621 738
418 469
256 504
377 6
412 868
633 90
354 803
252 227
210 553
483 80
484 162
84 687
811 157
2 420
288 503
258 391
530 160
655 664
541 413
406 91
110 772
633 627
75 188
130 421
574 797
96 844
684 344
12 127
236 183
715 696
932 417
807 934
344 511
718 502
881 850
349 696
386 41
197 649
538 189
379 281
348 745
277 564
912 540
598 395
558 490
303 551
237 839
285 114
132 243
919 178
595 437
564 333
657 578
69 63
908 929
829 884
147 903
15 281
571 624
3 252
83 743
82 424
470 835
198 463
684 854
333 269
913 636
222 899
126 820
16 315
626 484
696 879
288 748
808 873
475 426
187 478
247 812
430 750
181 12
628 494
829 315
778 831
478 821
448 477
318 707
182 172
900 145
702 29
269 27
667 507
628 232
876 561
702 254
589 916
449 255
177 697
694 25
161 840
503 895
522 273
235 5
233 450
533 865
592 808
803 245
636 213
132 181
890 913
460 234
410 717
177 718
79 623
658 129
362 292
441 861
368 907
443 65
266 299
796 587
348 880
290 516
169 136
616 235
58 28
842 281
278 435
351 795
732 271
816 64
456 93
679 627
610 657
628 237
825 4
115 349
898 287
212 34
65 560
269 474
483 891
801 850
496 85
700 321
326 507
463 147
263 22
664 832
545 734
729 732
243 598
756 186
514 204
915 265
26 667
335 825
357 646
23 203
664 475
588 889
856 303
77 730
710 3
851 815
234 376
117 447
497 598
765 824
411 264
912 686
368 175
563 916
534 800
900 363
511 924
623 118
499 209
2 681
833 59
651 28
586 505
843 323
158 497
299 593
441 788
601 162
590 404
3 14
478 300
828 689
497 906
201 341
179 410
730 772
337 97
109 752
116 96
894 619
695 590
459 129
841 30
136 572
728 818
556 60
607 248
813 533
433 857
917 692
636 612
494 351
595 893
282 227
318 9
679 664
381 53
111 511
298 919
281 731
228 856
920 737
310 23
783 654
134 798
851 907
289 383
282 56
835 34
723 771
783 920
766 608
420 90
474 669
655 277
261 173
186 578
537 858
901 623
335 129
779 760
690 193
535 729
