1000 9887
30 396
582 713
217 651
668 383
695 490
630 817
2 226
522 108
669 309
670 188
581 527
346 976
178 697
177 842
513 656
185 327
299 699
892 218
506 397
307 852
296 451
401 120
916 553
813 819
647 971
778 566
493 675
187 536
725 8
728 228
526 91
359 318
410 990
658 179
473 911
221 313
813 981
155 215
749 259
398 633
239 853
701 96
117 105
395 981
951 760
843 467
365 651
496 710
118 845
11 645
650 980
296 147
448 1000
514 167
628 669
474 380
505 308
314 961
211 443
118 738
201 369
257 39
673 767
676 998
56 743
715 840
312 42
559 555
466 806
105 126
413 813
699 188
3 741
760 958
466 953
234 429
519 126
703 749
858 326
752 973
989 700
350 698
721 966
319 101
704 203
267 534
729 581
170 215
815 645
91 891
366 435
721 224
975 799
906 306
216 472
432 693
919 356
473 47
401 314
165 417
789 291
264 78
545 195
29 338
645 120
963 605
198 314
485 914
863 77
636 186
870 731
84 164
382 897
776 342
923 25
762 35
891 653
468 170
966 217
199 714
809 146
175 523
795 451
999 867
107 43
787 679
351 684
652 223
945 291
639 89
628 750
679 802
793 855
188 799
300 833
67 598
139 325
838 193
519 670
493 786
874 253
306 577
552 377
201 365
845 556
206 222
79 340
194 766
419 307
872 613
135 439
196 167
513 227
306 675
271 663
461 5
388 709
488 253
626 959
38 529
924 722
392 483
599 976
34 936
237 879
920 953
495 331
8 723
696 672
151 134
536 73
243 929
830 367
152 338
741 176
744 236
303 501
568 387
167 170
213 472
506 338
622 124
171 265
626 67
481 528
251 506
906 265
557 768
566 758
368 61
701 341
351 204
687 806
869 911
326 506
645 382
114 910
465 806
691 464
585 629
507 563
445 947
697 615
295 990
919 224
351 994
75 847
343 818
867 384
64 83
83 497
800 455
875 125
144 27
644 728
884 709
813 319
475 914
945 335
348 412
962 906
227 799
127 830
3 398
776 654
615 85
361 418
115 207
773 712
814 821
50 542
328 900
594 99
6 253
101 177
196 155
489 407
56 526
546 902
366 815
688 115
817 337
727 306
488 217
217 573
440 284
276 130
59 754
150 687
797 288
764 821
569 321
879 100
238 84
149 493
208 103
464 497
519 244
273 541
492 423
238 199
539 774
771 43
389 79
764 27
622 169
825 137
754 33
994 528
26 878
99 364
118 408
454 304
406 637
35 837
950 898
347 763
22 589
155 428
947 952
985 109
749 508
791 763
169 24
297 83
964 905
921 646
649 919
320 11
31 567
783 452
278 244
740 551
562 259
266 708
726 758
993 389
634 401
407 833
726 609
396 470
224 309
443 21
743 166
546 894
549 377
606 874
165 608
174 278
340 762
509 157
384 340
349 372
757 375
374 814
763 970
197 800
551 721
326 588
438 10
349 741
332 110
161 236
135 110
799 309
486 262
628 107
443 465
467 106
721 840
262 6
67 106
855 413
492 741
919 928
96 426
246 924
138 131
211 375
234 616
771 339
713 829
99 682
708 880
410 991
730 968
927 534
916 357
740 161
261 104
228 413
485 522
267 715
345 159
663 289
898 939
376 122
356 313
839 316
165 357
593 338
955 919
833 227
463 600
952 143
203 55
204 836
321 116
706 386
155 392
359 680
911 881
178 983
535 677
173 548
92 916
553 414
709 888
627 813
418 924
801 728
53 827
221 425
224 499
611 225
829 170
585 48
226 321
429 860
213 581
586 417
415 430
236 761
364 454
296 830
151 352
953 892
845 694
516 618
975 23
776 759
82 162
724 789
732 232
550 953
98 984
689 27
100 925
847 981
236 814
958 713
232 489
950 125
493 510
185 821
216 178
651 48
852 957
671 189
713 340
125 211
936 682
719 673
523 122
462 698
444 897
746 257
394 186
768 99
881 558
547 19
261 170
635 539
7 954
925 211
216 699
267 521
161 14
65 504
960 778
632 471
299 504
872 454
484 948
602 243
34 871
308 122
769 760
220 345
427 348
602 98
14 435
622 97
458 442
406 586
759 472
281 951
153 618
363 491
398 30
437 572
639 473
388 263
691 729
35 797
550 172
643 602
146 158
351 235
231 385
658 5
535 713
937 202
973 700
373 976
230 635
268 284
606 230
183 595
749 851
169 481
904 876
248 422
669 564
771 476
455 607
791 1
667 31
615 765
841 256
328 429
951 735
520 222
754 783
224 270
390 565
301 390
799 411
875 33
732 942
736 425
790 74
477 197
723 149
796 607
727 741
474 637
206 172
836 803
693 263
150 311
923 238
927 5
290 202
236 786
771 553
499 192
882 90
870 465
837 296
196 160
788 300
534 280
862 885
629 918
480 659
409 665
506 927
323 63
986 357
385 384
363 29
409 522
786 716
219 495
492 255
366 114
39 184
58 581
78 422
834 704
835 41
52 261
879 780
704 896
869 458
268 877
254 609
700 872
741 86
77 807
603 38
706 185
778 282
218 335
19 146
439 257
544 307
14 155
218 609
568 606
613 568
818 100
134 867
943 395
47 70
875 449
583 912
435 224
255 291
207 396
444 268
339 892
305 700
503 561
192 221
307 474
829 979
164 369
917 925
3 53
352 753
353 168
905 593
725 176
800 361
843 269
331 625
936 231
596 195
687 244
772 595
31 880
13 421
641 964
328 457
643 114
365 850
336 820
961 587
525 74
32 673
552 56
845 749
849 746
547 383
161 403
287 56
144 314
898 207
774 570
944 273
180 995
19 45
921 7
6 867
334 108
233 127
898 273
936 580
703 582
888 189
53 192
154 513
25 824
485 81
324 465
436 683
937 906
789 105
9 447
851 416
154 688
671 373
985 918
967 863
59 249
574 576
388 965
975 515
122 643
943 950
472 622
721 13
354 622
426 163
246 544
726 510
870 803
394 453
535 237
640 21
63 315
460 70
894 947
256 413
220 838
186 978
688 432
778 712
89 133
967 806
826 546
4 954
133 218
422 117
100 771
653 531
191 468
711 285
877 53
811 331
249 440
736 934
477 728
593 535
748 181
584 334
217 267
400 357
473 945
644 8
170 627
818 775
451 818
589 985
884 683
791 73
350 267
784 921
987 674
642 283
501 118
271 565
944 735
106 166
508 758
1 306
455 837
961 704
391 221
469 985
877 255
537 273
42 849
115 829
98 565
818 474
214 524
202 631
333 223
650 739
297 857
419 338
680 406
438 442
276 65
103 522
336 677
822 624
534 704
422 622
522 264
760 787
542 847
154 660
798 213
833 678
558 719
234 617
623 17
515 472
57 48
939 62
522 106
105 476
632 555
687 522
462 795
549 533
511 670
368 408
663 623
958 475
145 224
886 230
699 225
875 504
226 124
339 839
356 751
473 909
956 974
995 816
411 323
838 430
508 965
804 746
130 489
828 240
170 998
301 272
601 314
303 710
895 401
979 245
376 414
415 425
780 81
361 351
767 195
823 173
547 311
951 9
814 771
393 549
176 947
28 908
125 496
823 115
755 809
333 195
336 681
297 949
873 470
875 640
494 115
396 575
917 107
349 633
43 306
315 713
443 508
559 922
281 190
290 393
147 365
311 268
232 136
674 483
514 467
845 74
223 586
418 109
881 702
533 285
717 16
628 565
997 224
412 186
555 846
678 645
526 683
829 551
354 393
860 687
679 37
792 439
759 475
616 91
568 158
454 967
990 661
939 329
298 339
303 166
531 131
643 23
809 869
545 803
506 129
805 497
53 636
113 289
848 924
633 506
409 480
984 108
398 936
457 300
330 34
38 371
832 160
583 205
597 708
934 953
4 438
733 425
376 331
306 138
607 360
23 235
796 553
541 839
897 646
168 383
934 667
372 46
64 279
706 986
819 745
927 306
185 517
383 750
137 874
211 345
175 754
287 147
896 457
474 749
20 689
556 419
228 572
563 541
949 636
798 371
160 675
19 933
508 519
988 901
699 218
774 264
943 517
986 354
746 354
867 984
986 277
200 386
898 735
171 3
190 317
601 762
169 737
608 510
260 331
522 34
940 469
134 292
462 945
894 178
564 409
34 648
60 648
890 587
542 304
708 984
346 825
368 337
630 537
260 105
7 716
895 687
677 504
673 384
160 444
808 504
834 308
344 56
397 18
493 617
739 401
44 841
705 1
541 443
734 763
529 467
26 753
790 410
27 938
156 718
529 108
576 757
49 263
106 816
782 729
326 821
758 539
461 530
499 355
966 723
435 63
210 933
762 406
824 985
966 372
54 850
571 356
845 637
42 890
979 907
267 7
414 442
434 556
897 908
828 764
757 258
375 643
255 685
656 309
659 886
351 243
522 386
673 534
565 608
613 340
932 462
204 112
695 274
864 790
702 538
8 610
964 273
896 17
150 796
134 369
51 565
877 641
823 639
111 313
628 521
199 298
660 840
60 684
546 279
341 181
768 505
934 426
259 766
725 287
734 711
950 896
554 105
521 96
407 159
339 573
285 575
961 234
156 780
838 304
40 781
160 466
764 930
912 34
184 898
321 740
729 231
437 193
3 16
12 529
792 939
600 116
818 919
726 756
692 908
365 676
408 527
80 796
961 933
945 280
937 824
748 206
867 527
62 879
600 146
448 911
603 885
755 558
420 301
614 343
983 518
340 516
732 774
117 430
607 582
414 406
400 704
186 81
902 379
524 137
138 476
581 968
853 819
133 782
733 797
590 958
439 918
90 868
831 257
119 531
870 361
693 288
622 510
626 965
760 659
976 796
467 995
659 481
698 441
856 850
52 254
170 129
650 183
12 904
701 945
441 690
347 365
302 604
36 520
532 405
346 608
317 947
408 943
78 859
65 8
782 85
624 825
900 480
48 757
743 512
87 328
435 219
402 496
26 260
725 134
705 598
843 327
560 383
648 375
923 175
598 495
286 765
782 742
313 251
371 503
193 575
585 877
378 757
892 60
805 784
5 856
135 793
438 202
636 487
634 661
413 698
183 162
349 342
795 280
206 193
667 625
945 119
379 671
918 752
860 70
110 541
345 138
242 685
812 225
119 721
737 235
722 242
524 316
745 568
185 305
458 996
76 443
208 259
343 143
721 59
561 288
869 67
427 176
142 988
626 888
937 739
66 116
445 972
892 27
105 447
214 11
52 210
824 299
626 203
294 179
976 38
354 390
9 33
688 589
548 846
318 132
137 23
658 873
768 417
181 660
991 231
646 454
545 177
748 984
450 695
749 49
435 25
757 550
833 126
173 757
139 813
782 49
235 836
217 209
221 745
649 860
730 401
182 764
53 748
438 618
244 941
726 717
767 307
986 694
790 366
495 732
985 459
234 22
781 41
468 292
497 688
588 565
480 250
740 840
118 684
230 298
858 963
710 96
951 334
412 500
496 628
580 628
412 850
16 139
879 536
343 314
440 967
921 184
7 327
174 332
802 909
607 670
497 699
659 870
299 527
252 528
495 1
244 263
430 660
750 521
950 95
509 933
629 916
264 578
372 483
615 353
34 52
896 135
751 161
891 624
242 947
149 357
744 305
195 507
363 909
417 21
660 87
903 19
171 2
106 458
780 664
656 918
587 954
190 714
950 744
579 46
673 181
583 590
843 741
525 688
555 41
298 18
411 849
817 758
622 3
218 333
475 598
938 66
152 627
281 913
856 711
255 719
682 732
256 721
187 871
848 859
777 465
27 286
213 199
507 982
109 886
616 342
579 618
247 1000
268 691
41 127
887 312
486 755
734 405
314 357
283 327
1000 979
363 21
221 495
80 817
430 133
90 404
240 695
59 365
153 224
10 699
46 85
451 519
947 394
753 831
568 981
608 642
917 750
774 681
853 572
12 236
439 302
453 334
920 429
885 331
978 415
984 16
80 687
497 679
187 239
851 324
998 53
950 136
642 889
131 108
188 755
542 966
16 548
807 486
384 24
96 274
663 898
120 408
655 530
706 712
403 149
691 806
980 885
966 832
996 131
834 802
265 229
360 165
750 502
781 991
155 530
749 168
982 197
820 224
821 73
459 184
422 12
500 351
762 182
948 538
854 272
506 484
182 851
587 277
805 342
473 149
290 997
565 931
611 411
811 333
99 79
745 723
967 70
56 282
945 273
908 227
116 258
675 775
165 41
847 525
364 842
444 112
501 65
677 78
37 239
526 589
611 198
957 462
425 837
724 431
942 354
600 117
283 291
378 879
876 162
295 844
899 506
425 451
419 93
44 370
619 494
747 181
419 238
771 837
556 469
519 739
300 155
988 40
805 558
183 206
45 233
817 144
230 175
33 737
654 829
513 191
767 924
715 817
734 926
944 29
393 745
105 23
512 369
59 70
470 777
32 384
788 486
171 428
603 417
750 688
452 403
719 639
958 925
686 620
800 555
746 443
843 591
440 426
5 190
202 678
63 72
835 227
998 541
717 251
403 399
959 130
872 124
527 334
12 905
881 498
368 267
773 202
463 692
778 720
268 474
751 669
259 733
955 936
445 250
758 127
563 739
583 820
56 464
398 176
56 327
369 768
776 64
333 933
523 765
502 100
342 989
476 583
667 278
523 842
598 258
66 915
112 125
682 313
45 615
463 232
458 265
838 428
296 420
472 341
588 643
926 771
31 933
719 328
19 270
814 180
373 140
474 450
799 416
453 228
109 642
810 679
888 315
101 562
126 246
748 986
956 268
408 266
945 229
417 460
555 866
245 612
478 122
124 603
175 841
159 180
343 315
954 140
370 503
231 733
251 600
907 408
125 127
508 361
293 851
811 922
59 849
902 503
44 11
872 668
926 505
38 745
186 340
149 320
668 848
417 8
660 188
708 386
314 219
704 776
552 734
47 762
564 528
786 630
751 98
326 724
458 711
590 292
480 839
15 457
18 287
419 804
96 663
336 134
15 126
271 224
511 559
493 976
475 589
424 745
332 466
960 555
318 133
982 124
450 773
716 40
882 768
829 263
294 893
613 688
951 788
830 771
700 532
203 468
155 879
510 511
355 273
139 812
468 976
456 952
526 69
960 376
322 621
730 414
783 392
438 619
64 220
39 793
978 519
600 45
339 67
875 149
956 50
5 810
671 713
841 150
182 398
525 436
357 435
396 360
431 924
550 585
55 37
330 484
314 993
645 875
262 385
84 715
262 976
7 614
549 399
198 432
898 153
520 667
79 336
824 797
867 881
295 344
479 655
451 102
931 336
146 904
977 402
246 825
986 352
362 710
628 221
439 590
561 812
858 294
717 417
720 331
958 853
172 986
216 666
74 856
436 103
4 675
225 928
561 526
526 552
730 911
808 845
94 558
99 372
748 543
78 445
697 431
330 640
43 877
503 383
839 257
324 850
881 11
924 1
623 527
716 163
153 683
501 251
467 327
967 498
71 185
581 367
131 252
540 64
889 354
299 818
767 321
697 851
652 409
250 287
622 559
494 173
148 712
130 431
993 381
870 549
509 403
309 210
451 557
192 267
944 544
103 95
486 941
520 601
831 811
962 902
887 895
585 181
733 21
475 269
992 145
918 137
791 373
975 456
46 308
429 468
267 57
822 341
953 554
921 4
157 458
234 207
471 174
721 727
229 456
690 586
305 424
237 557
589 344
957 814
833 814
744 415
797 651
930 44
807 374
919 920
116 973
156 420
806 554
804 126
315 977
962 364
526 661
764 160
911 165
310 596
497 115
274 845
678 707
950 612
848 26
542 274
468 699
293 708
922 225
60 541
846 676
528 823
854 115
568 88
880 282
381 803
39 669
354 145
924 101
907 881
639 584
584 962
223 459
679 32
576 594
204 947
192 939
892 512
274 321
932 282
801 560
731 819
843 349
112 161
370 957
980 18
212 132
309 814
763 121
870 961
62 642
211 68
598 560
771 166
667 841
409 105
807 783
374 515
12 2
620 815
344 594
476 87
974 978
701 682
560 514
64 337
118 516
24 767
102 8
763 974
913 293
327 877
382 488
774 436
25 219
318 624
414 39
951 196
384 118
152 210
443 469
479 596
739 672
42 656
180 262
256 350
811 236
902 282
527 198
369 84
674 662
817 684
274 225
574 812
540 708
652 910
377 562
679 147
497 377
316 923
616 427
377 675
863 190
142 11
201 589
643 610
421 112
115 20
83 625
191 602
353 289
913 216
937 210
703 511
887 370
264 260
981 249
585 672
87 778
75 834
615 580
339 825
948 613
386 922
874 593
601 319
896 851
134 985
996 972
50 158
18 576
75 561
631 540
818 155
931 968
179 623
73 464
664 717
975 19
297 664
279 536
47 503
451 367
824 915
951 10
871 243
12 260
31 504
676 995
328 113
760 84
615 238
327 525
485 5
840 236
695 182
718 205
710 593
913 976
76 437
862 812
52 516
632 253
206 784
980 831
508 72
728 3
156 492
289 53
399 56
977 224
925 64
982 147
660 915
366 436
891 215
583 757
483 310
894 974
878 467
644 399
493 975
26 674
262 546
982 125
195 605
863 426
645 99
648 217
249 388
229 678
503 267
53 456
679 260
296 307
39 677
407 193
815 196
50 382
402 323
757 981
350 21
740 645
890 246
948 458
934 813
42 507
297 312
724 369
107 145
370 965
114 859
772 743
170 985
923 264
411 465
31 920
770 792
454 273
311 184
26 56
210 813
687 333
250 474
692 757
220 246
371 322
462 175
546 674
853 550
338 197
680 164
511 422
921 190
353 844
500 917
597 545
126 75
453 505
680 307
112 693
331 917
723 503
486 371
931 194
642 147
699 110
624 808
46 763
450 384
550 514
215 128
937 914
348 487
665 419
684 393
498 436
815 977
446 971
15 665
56 998
312 336
628 222
896 8
290 283
57 508
172 987
873 866
915 133
459 257
521 286
830 272
178 747
877 811
40 728
916 281
27 498
618 601
320 434
289 307
329 766
847 868
407 263
933 765
592 202
159 914
402 133
204 825
497 257
649 156
482 698
94 216
459 845
530 24
342 538
218 540
863 172
184 161
633 763
691 471
640 730
259 67
353 172
481 471
961 813
230 746
947 238
586 402
89 666
92 719
844 606
294 635
649 600
814 779
970 900
662 822
477 180
886 272
652 248
585 811
947 396
614 430
45 993
376 72
818 163
415 946
749 889
310 463
188 943
914 865
932 653
951 227
7 75
388 720
826 123
220 286
902 444
944 194
186 269
426 284
579 494
66 295
29 977
68 873
394 65
414 885
720 296
834 800
462 609
29 66
674 153
938 258
556 853
885 943
523 356
686 816
341 193
747 962
696 816
878 24
899 757
459 186
47 915
754 173
991 168
848 170
441 516
578 827
446 279
193 508
753 929
316 871
669 805
887 351
251 282
14 490
752 293
965 722
208 567
429 593
820 4
840 968
14 405
161 999
382 627
165 983
942 753
744 536
141 46
201 771
792 942
47 51
396 124
415 288
516 349
169 334
387 259
61 360
600 230
784 925
344 932
131 774
387 656
376 501
802 721
496 766
910 946
831 846
232 724
802 576
586 251
951 33
202 736
462 22
327 548
653 407
626 655
842 464
475 153
404 139
499 15
224 485
681 107
78 81
150 610
707 867
500 739
272 668
228 213
232 144
472 735
968 228
362 543
440 317
591 386
427 73
347 733
376 655
488 73
5 188
759 685
206 727
142 895
954 669
531 909
652 911
326 912
714 720
573 662
610 513
122 871
65 11
915 264
536 979
703 361
47 149
322 404
514 714
181 607
238 544
848 948
161 899
844 640
496 286
939 668
818 807
670 796
90 292
640 863
383 3
847 656
296 875
297 364
529 41
182 561
753 587
202 467
336 865
744 223
344 896
520 899
444 491
28 746
50 878
555 936
24 685
38 860
503 960
470 734
841 986
434 608
21 192
663 369
244 163
710 692
141 615
295 438
297 953
872 527
233 545
91 437
773 226
15 25
167 888
538 892
353 626
962 512
820 614
582 525
479 507
967 849
578 579
885 837
730 774
414 845
860 389
848 453
691 913
873 790
857 441
398 449
258 369
969 213
208 947
262 656
928 348
379 58
713 782
716 475
586 224
146 8
574 88
515 522
296 308
317 66
193 220
235 543
566 671
807 675
421 484
89 883
890 247
429 921
88 37
14 333
74 472
652 503
389 727
728 117
527 913
979 292
282 60
525 208
1000 777
605 290
753 631
183 844
923 317
538 156
900 539
426 850
671 856
818 188
413 632
486 22
775 829
443 193
120 50
395 34
624 450
954 319
58 488
975 359
278 765
548 306
751 460
298 586
742 1
138 403
327 965
475 126
24 470
831 501
157 420
923 790
806 701
293 966
261 376
228 237
485 282
15 265
290 280
163 538
493 255
276 859
377 798
391 634
488 385
915 132
882 241
459 256
795 682
834 844
324 958
989 956
369 19
422 487
200 190
691 538
892 169
51 507
289 306
611 275
498 968
464 696
526 840
263 866
402 444
19 262
147 829
421 166
114 696
521 72
189 202
201 640
143 681
657 777
454 193
40 789
114 922
226 32
300 735
373 959
264 477
545 956
23 459
213 806
987 959
308 526
19 597
602 510
246 214
174 947
966 63
382 822
115 665
429 159
698 20
37 298
645 683
723 199
316 375
559 437
343 878
174 141
729 474
583 467
415 109
917 747
577 670
390 677
192 444
581 734
326 971
444 54
709 26
58 396
23 606
593 827
409 862
840 214
162 446
660 417
897 49
902 290
590 164
450 485
497 902
668 875
918 751
907 457
674 436
548 461
384 906
204 267
212 782
285 70
983 19
841 558
860 478
256 372
940 294
816 796
880 169
837 954
759 377
744 206
935 397
507 56
824 230
678 705
399 184
688 437
319 665
731 329
402 87
593 360
355 77
989 730
262 825
623 444
556 523
854 295
931 201
13 549
166 230
463 864
65 465
726 814
123 711
494 866
960 418
174 860
265 896
32 885
677 75
636 654
469 529
400 120
14 569
754 705
169 333
957 316
444 337
533 765
554 568
90 37
814 14
378 588
348 100
258 412
666 1
991 635
337 509
482 766
358 21
949 670
325 340
160 142
940 823
82 75
263 34
836 864
766 481
254 213
721 672
470 925
240 476
846 40
115 94
722 10
707 866
138 427
512 372
401 779
617 113
105 165
858 365
821 359
413 628
751 218
459 490
572 978
16 830
761 723
772 588
8 657
760 370
398 490
185 479
739 896
63 713
405 738
917 324
302 646
692 266
329 804
769 519
293 321
540 710
541 59
462 796
568 135
498 528
251 328
791 528
930 613
735 138
404 790
922 565
118 152
965 625
583 966
124 518
498 754
357 850
779 834
762 22
246 239
624 27
722 872
956 954
827 59
377 221
819 498
879 802
684 972
866 939
6 736
923 336
85 88
107 469
230 576
718 535
701 859
461 726
559 365
818 153
768 726
487 262
953 646
319 463
774 628
831 877
33 928
529 987
555 871
558 482
439 208
909 528
569 967
326 674
290 195
447 330
233 58
152 316
607 836
809 863
820 615
344 104
189 880
46 731
210 429
180 373
3 904
523 193
542 63
715 93
622 265
928 833
795 705
412 183
342 48
215 802
532 224
237 166
488 324
184 61
664 327
653 753
482 933
47 102
66 161
530 272
933 853
368 830
527 77
127 489
401 93
256 888
354 87
303 18
518 531
758 436
540 127
576 779
408 685
64 223
193 509
156 743
109 964
948 635
580 850
863 641
864 987
162 983
714 24
128 173
278 33
173 181
374 734
362 254
469 698
554 752
927 777
961 530
463 253
803 211
969 63
925 682
111 654
370 564
763 795
604 285
253 233
932 260
625 798
438 69
920 452
791 451
831 534
353 691
928 991
945 919
528 249
237 693
864 33
742 6
500 693
201 287
860 213
110 428
94 977
665 417
195 110
94 864
314 288
190 343
872 266
548 569
381 472
995 652
367 805
152 298
284 319
546 70
829 865
122 698
403 91
77 848
812 261
891 260
30 350
679 119
419 965
173 930
65 825
912 798
643 670
347 615
830 112
613 832
265 312
602 499
587 365
803 824
623 924
476 740
649 628
973 632
556 544
88 341
467 475
70 724
773 801
153 680
35 652
877 365
348 605
735 83
442 662
335 321
942 731
374 489
989 775
226 144
28 588
9 622
35 490
790 270
123 950
327 842
128 695
183 851
723 198
465 586
211 26
249 851
837 178
451 523
453 185
366 762
40 338
439 122
496 916
405 454
120 992
27 636
75 555
931 898
783 941
823 144
694 740
576 467
390 309
798 438
280 689
840 328
267 326
555 687
277 109
390 499
359 212
138 293
159 137
567 28
941 986
350 958
522 399
437 152
920 254
595 828
284 637
565 668
108 671
343 194
185 224
665 302
124 467
626 813
38 903
539 878
208 94
206 761
462 615
564 459
255 824
714 491
96 739
777 134
190 173
428 738
170 502
878 30
76 44
243 741
652 997
834 960
212 604
269 435
967 796
971 217
536 842
222 365
687 749
406 623
715 981
99 115
747 328
855 536
494 752
498 719
688 867
563 337
770 525
303 221
574 371
26 301
284 115
339 607
594 728
406 432
84 524
235 46
202 598
639 137
880 808
791 180
794 200
500 41
287 117
783 784
845 651
644 586
250 785
935 926
537 283
55 319
542 516
245 652
570 341
79 267
423 347
65 966
758 602
818 423
824 728
971 859
453 576
736 36
741 317
891 907
615 340
843 73
214 407
57 344
974 397
45 391
681 924
931 506
113 657
663 787
613 196
371 745
299 4
843 579
309 163
20 170
904 477
172 925
526 628
30 263
962 315
313 701
902 843
704 974
8 803
657 660
486 539
384 512
492 273
898 930
259 688
977 923
156 216
728 462
781 636
88 813
783 146
515 528
865 715
776 68
28 177
919 323
886 146
464 943
711 29
969 710
329 359
844 642
813 973
814 478
818 805
433 257
579 736
58 926
37 663
574 510
411 502
322 807
474 846
736 533
22 172
541 640
211 101
13 487
490 468
399 818
330 381
640 876
116 430
505 753
16 164
549 262
58 355
968 326
966 689
658 766
609 84
612 662
287 604
106 422
822 272
453 403
112 795
849 470
333 253
119 684
138 509
875 646
882 406
664 797
670 856
33 370
608 138
537 130
572 289
828 903
865 297
396 795
536 454
259 865
21 642
993 689
410 907
216 642
986 426
398 340
937 742
26 911
432 929
261 36
134 306
178 706
251 920
413 361
455 242
916 256
792 270
646 153
207 893
133 122
329 711
220 772
117 608
740 1
891 89
543 944
985 396
416 913
570 638
790 807
368 442
901 246
959 896
692 13
549 644
371 660
226 939
706 481
737 541
863 181
173 513
914 293
787 977
147 622
776 350
814 506
501 5
908 843
617 375
363 44
2 282
39 789
705 345
447 836
193 621
122 317
969 476
970 111
808 1
737 872
921 353
680 24
2 60
934 669
98 661
92 269
641 659
219 907
59 34
875 836
510 251
864 435
167 568
461 987
984 972
208 454
627 273
962 755
64 954
854 973
690 674
711 972
451 106
825 697
176 880
996 438
890 913
67 410
638 967
803 366
474 440
661 148
298 874
134 252
390 138
530 689
752 993
180 330
896 11
128 421
612 373
906 252
891 406
963 997
968 909
616 901
975 842
104 179
747 987
930 472
610 741
347 457
527 386
975 491
804 773
267 453
905 158
47 873
912 686
820 47
735 188
592 198
632 839
29 447
486 613
892 504
523 799
71 181
844 379
517 299
539 239
44 839
299 822
619 957
567 693
516 213
761 284
9 621
145 349
681 419
476 297
259 213
409 224
562 486
340 264
303 644
589 959
947 401
698 521
914 698
93 65
408 471
172 336
900 793
157 676
512 536
77 461
224 15
908 435
529 930
142 744
6 858
443 348
760 71
607 782
967 391
684 473
977 353
582 568
306 895
974 438
410 630
559 856
543 423
525 920
785 654
536 399
503 471
867 944
629 740
152 408
63 194
855 102
33 427
731 60
555 362
294 274
612 361
43 30
544 537
907 681
871 760
34 823
260 554
769 648
733 759
458 539
857 124
775 502
798 813
986 21
401 361
167 326
257 943
501 520
178 541
605 898
564 153
434 322
938 946
594 15
852 924
321 988
588 950
438 326
341 258
164 269
472 424
991 472
204 574
79 690
761 335
100 767
64 157
507 330
377 199
675 616
948 572
787 630
662 870
75 952
331 530
461 607
867 420
226 292
248 340
357 414
912 229
918 79
866 884
392 479
175 594
801 903
573 379
442 239
225 213
758 953
774 154
251 682
456 31
222 746
261 762
160 957
279 609
67 679
841 908
492 936
73 282
625 805
884 118
208 511
336 708
429 325
73 747
646 886
336 339
251 544
890 969
245 862
902 935
488 61
587 795
950 395
506 555
898 750
797 284
240 808
432 932
630 975
592 834
223 492
778 507
851 675
229 859
176 569
858 141
994 605
795 660
426 17
711 472
103 967
363 630
859 365
255 940
346 840
403 259
298 215
856 533
715 258
808 96
200 781
899 611
900 200
276 738
27 300
745 736
864 946
715 251
950 870
735 244
773 983
227 421
579 920
653 641
305 531
307 125
678 92
769 848
147 740
60 259
905 432
269 9
622 649
37 61
809 44
437 883
631 837
305 765
452 612
715 438
18 612
130 480
794 782
813 605
317 910
822 981
89 727
254 315
92 690
58 526
61 393
300 967
283 691
819 357
839 926
98 726
182 423
183 922
57 183
117 146
120 938
638 492
639 61
487 256
420 335
98 609
289 540
162 258
288 969
20 676
276 270
793 924
741 638
625 961
42 975
816 154
814 885
539 821
343 423
419 495
23 753
120 358
780 908
711 888
175 938
422 653
834 581
826 161
958 930
744 362
82 625
122 706
730 773
971 565
99 718
775 425
427 199
928 152
51 627
454 540
129 593
313 300
694 453
963 806
754 97
517 131
350 876
223 230
796 350
216 336
845 615
740 419
818 533
928 61
155 338
861 657
761 549
833 112
563 283
749 444
147 512
723 609
887 338
744 708
574 264
499 622
197 283
605 398
161 797
862 7
295 898
539 32
631 734
687 216
602 960
287 302
405 319
235 134
715 688
241 965
775 691
443 85
184 951
573 419
680 605
422 225
493 547
89 894
328 2
12 290
166 537
96 46
558 440
172 403
228 974
67 383
861 281
867 952
335 630
90 951
940 31
512 318
918 546
557 290
134 253
423 280
67 42
655 949
858 291
732 264
950 371
254 604
113 856
255 624
132 470
993 732
479 825
225 842
645 291
392 379
85 466
509 626
204 448
521 258
540 618
759 662
636 451
820 778
267 698
766 810
273 697
146 329
365 83
556 764
784 410
321 213
708 967
621 290
895 711
731 366
210 320
184 219
586 538
497 436
237 574
526 847
198 396
20 763
165 221
42 168
958 410
228 890
550 192
401 63
853 479
79 552
152 791
201 128
66 995
50 286
217 311
861 614
623 635
937 46
222 32
355 527
886 219
799 688
673 781
369 557
244 911
856 9
641 931
714 171
2 255
735 927
504 163
247 693
130 91
760 468
465 584
237 975
379 910
503 988
107 415
585 543
898 84
511 497
405 452
230 91
125 367
944 265
763 825
74 28
272 406
92 15
190 351
444 652
762 68
562 118
355 486
685 943
376 921
1000 977
595 956
719 752
802 252
967 730
698 61
994 852
422 725
99 552
763 408
872 360
247 352
871 618
86 806
152 461
345 488
146 651
459 336
21 697
703 957
241 970
928 441
640 493
414 904
95 717
800 739
881 671
66 645
124 179
648 867
475 539
556 736
354 328
191 335
708 571
892 200
824 447
259 743
226 782
764 498
748 911
855 933
436 277
424 309
77 549
744 894
526 218
942 468
369 486
244 717
54 563
411 206
915 143
86 460
966 143
913 17
644 903
22 791
597 929
218 798
239 680
476 270
863 680
409 195
581 381
374 661
310 568
306 333
756 536
933 628
944 727
652 152
609 221
662 65
972 990
482 765
242 561
850 176
478 881
172 452
944 309
581 32
159 222
182 149
699 61
37 702
145 789
153 258
797 761
690 619
481 944
825 752
627 188
220 766
483 404
779 163
134 416
394 143
858 360
695 335
627 45
419 720
114 168
594 350
759 568
764 850
142 720
233 165
238 121
284 353
161 262
532 207
427 397
988 537
108 684
612 108
498 956
912 856
739 867
613 646
598 58
564 126
416 998
922 560
469 792
195 898
326 424
53 608
181 603
95 229
334 935
759 130
967 433
227 642
946 236
965 656
107 168
714 144
947 962
827 595
115 677
60 472
965 801
329 71
511 171
918 505
25 382
559 505
802 670
733 438
127 923
76 927
404 998
481 253
376 21
603 854
448 666
69 30
898 28
408 238
885 156
427 749
154 943
499 872
410 469
927 249
292 529
974 205
111 863
427 890
655 690
603 741
234 256
141 756
520 404
827 509
512 339
346 233
220 706
223 557
924 704
483 432
673 832
457 615
472 703
563 278
546 1
794 896
860 385
733 653
402 873
590 302
475 13
155 547
337 836
843 766
826 384
539 729
411 842
618 622
970 980
109 105
754 158
811 493
995 152
479 11
946 588
179 327
949 375
971 227
928 649
133 282
446 723
550 165
570 751
365 289
459 932
187 580
617 975
452 267
904 902
559 206
389 578
122 89
790 502
245 157
840 106
670 892
102 29
390 915
374 674
678 212
885 94
857 565
914 596
310 373
741 959
27 661
874 336
547 330
822 720
438 169
442 164
387 637
600 448
448 637
693 685
110 593
543 241
97 844
194 756
656 449
78 275
362 814
660 393
208 440
906 777
300 488
284 997
873 162
698 183
493 473
261 467
262 52
618 398
747 558
85 608
379 271
270 466
660 94
254 605
648 702
519 229
485 407
12 873
108 982
110 124
493 140
275 41
25 722
635 943
601 627
798 823
949 425
690 145
294 214
418 531
959 192
686 904
835 968
142 938
255 210
312 913
260 81
62 221
669 939
318 171
801 339
455 502
799 925
74 262
95 172
8 232
763 158
340 197
13 873
530 21
941 603
437 825
26 468
979 486
209 938
512 875
397 155
398 908
530 518
149 522
762 77
301 319
856 10
89 669
109 546
516 358
213 865
921 466
733 419
227 555
567 597
273 439
813 309
80 967
692 726
239 629
576 423
780 17
949 646
749 884
737 84
704 283
334 458
559 663
284 811
675 394
822 303
441 256
376 8
701 610
829 486
318 606
45 254
284 858
266 253
528 216
837 133
96 186
334 228
319 368
488 180
872 72
110 335
2 578
46 431
764 984
376 521
806 733
536 401
612 644
703 815
461 176
891 455
711 720
33 425
109 382
915 823
419 789
204 485
782 436
252 505
324 926
346 882
460 206
298 241
597 507
891 146
194 446
89 140
919 602
901 187
961 448
658 373
711 276
145 243
863 489
901 204
812 921
600 138
566 680
1 988
660 549
19 407
772 63
423 649
282 815
155 87
80 758
653 893
156 699
965 699
843 339
2 337
978 566
960 469
908 781
896 845
788 843
917 553
974 570
761 175
335 68
762 208
653 95
328 494
255 189
257 822
866 882
867 567
135 813
193 708
145 601
634 377
266 959
473 250
305 147
732 798
550 907
129 493
538 67
921 121
560 919
546 598
103 351
984 535
135 123
272 499
619 642
860 37
724 985
432 233
414 41
145 788
989 395
979 653
194 943
447 419
72 431
842 703
755 114
724 703
428 268
731 237
682 571
800 546
928 599
307 530
492 622
953 4
586 968
560 418
816 828
854 324
341 895
622 224
972 951
460 99
747 933
20 395
422 35
26 840
578 397
601 980
433 890
964 674
434 405
198 442
327 98
648 803
592 500
674 523
643 616
682 14
683 859
61 963
869 636
856 309
782 93
145 104
69 473
236 446
572 416
865 426
904 890
835 834
433 262
676 454
839 890
967 321
425 682
250 337
311 338
560 710
279 304
401 732
72 928
969 438
936 201
650 987
562 63
211 471
486 111
883 457
25 415
250 674
604 309
650 409
757 337
595 42
937 56
487 736
948 611
348 362
99 820
166 724
505 833
966 598
972 535
699 201
937 872
349 624
703 641
940 53
162 182
693 411
984 785
608 141
57 377
516 912
573 833
67 48
117 126
595 614
379 211
332 131
742 549
372 804
693 46
696 894
554 356
725 765
233 523
270 128
987 876
761 713
792 985
263 885
947 732
655 23
35 950
159 932
398 228
648 223
721 511
656 905
688 704
212 262
359 625
325 545
967 118
610 913
57 535
799 841
506 150
451 592
169 94
858 176
75 637
675 964
892 582
883 873
592 394
445 362
912 257
808 178
314 551
83 478
121 23
857 651
822 951
364 397
439 509
151 297
67 946
12 106
895 468
733 409
735 433
457 234
267 389
642 75
300 203
480 69
858 749
965 183
548 97
876 534
242 630
738 595
701 605
764 727
980 532
859 717
522 407
98 869
808 788
547 56
181 282
256 79
719 798
298 710
741 370
134 96
814 83
587 852
472 895
732 411
698 39
377 632
276 614
473 42
444 959
160 922
416 500
657 606
147 245
596 972
371 595
264 823
82 994
686 855
221 769
39 400
777 255
706 143
928 590
421 213
511 712
97 652
60 624
78 761
838 547
821 799
659 108
330 683
259 282
703 351
887 18
234 111
655 408
900 17
875 443
17 109
809 985
20 678
373 954
411 149
340 53
325 807
252 777
257 527
369 547
23 32
705 137
139 29
487 23
933 393
754 281
584 638
283 716
467 27
496 569
760 470
541 837
67 942
747 48
395 871
868 273
495 990
956 348
831 848
888 378
463 543
709 116
103 165
179 685
474 551
550 620
756 177
404 782
577 514
779 330
547 246
755 891
81 792
798 453
362 771
935 724
516 842
646 649
828 612
819 72
408 103
906 810
889 626
958 759
157 372
12 601
968 127
148 105
635 767
449 574
661 181
435 93
780 549
674 32
859 100
168 901
9 135
358 904
108 571
608 403
440 5
445 780
195 765
801 441
388 124
17 670
968 650
661 617
367 648
740 406
429 681
907 793
213 114
929 801
126 781
182 995
900 102
904 97
868 306
834 254
224 784
74 315
899 806
518 588
740 756
647 872
430 348
222 2
813 997
904 863
305 726
737 715
41 236
335 470
549 12
192 255
102 342
800 510
529 208
343 600
199 532
810 495
852 450
103 120
505 729
420 342
719 146
277 171
888 406
942 183
968 302
664 615
940 812
957 906
157 566
547 146
812 246
635 603
11 81
989 394
828 520
978 157
963 243
855 289
141 863
86 785
239 76
264 514
10 106
747 745
719 438
592 694
609 520
834 751
525 778
175 970
8 662
634 90
213 323
787 396
834 945
212 525
907 551
859 366
329 815
274 216
292 39
618 923
566 619
380 442
327 93
644 289
994 698
955 928
373 687
672 186
122 865
543 873
808 554
844 472
536 985
903 933
744 860
691 375
143 748
346 536
277 666
446 535
752 214
425 792
669 549
356 864
286 859
639 331
696 509
109 600
330 135
746 643
27 877
528 726
31 941
903 443
550 379
643 39
572 135
340 336
115 596
442 428
940 611
957 347
406 195
979 255
897 688
790 165
168 340
496 601
406 178
378 621
676 52
720 908
58 367
240 582
742 317
690 344
103 237
746 713
595 45
615 150
504 298
588 652
732 146
93 67
485 14
196 183
436 710
275 704
718 212
276 111
301 27
868 705
633 444
686 438
390 19
873 109
410 757
984 786
275 305
464 150
360 455
68 792
919 985
833 664
669 306
856 807
672 630
15 416
879 161
293 526
811 193
740 249
502 668
90 18
308 77
882 86
385 716
765 651
712 489
71 652
289 296
346 811
511 727
113 108
703 213
961 286
707 302
986 891
237 451
554 391
95 37
692 9
640 612
635 804
748 577
682 483
165 284
827 9
339 764
783 66
840 951
640 531
644 59
648 62
688 815
598 294
999 496
643 357
4 297
633 849
705 172
10 938
355 503
981 279
875 252
141 112
753 664
224 426
866 985
23 140
796 908
261 718
272 112
914 451
314 663
461 612
867 481
830 759
373 360
299 545
40 379
629 39
922 121
728 776
116 61
872 947
413 995
903 523
358 417
840 160
898 256
217 911
993 902
749 152
550 30
779 15
263 246
410 678
206 142
241 20
418 125
132 691
82 302
341 611
487 997
570 107
474 388
851 275
593 203
152 303
190 299
601 704
108 976
713 754
544 608
877 804
240 439
419 968
242 285
264 903
946 671
982 33
60 625
756 982
902 934
742 673
143 262
139 671
959 928
943 303
411 118
716 219
572 498
865 632
766 849
821 560
183 539
903 770
264 451
265 627
553 413
140 329
719 490
386 938
335 509
343 966
112 268
496 683
10 721
597 891
309 835
202 277
844 932
900 598
64 478
961 576
871 509
175 442
583 457
732 901
434 704
883 531
996 786
10 563
338 100
763 845
732 820
642 44
975 464
832 834
372 187
599 580
641 364
41 732
79 316
997 793
637 354
931 231
862 973
210 332
712 22
733 928
646 793
685 829
82 274
615 444
85 657
696 618
329 145
730 847
592 715
3 950
746 332
218 101
617 185
907 685
38 779
336 77
890 514
184 657
378 478
308 5
311 998
368 280
683 83
133 190
85 462
924 863
372 908
925 434
680 172
930 488
865 817
701 427
136 125
377 655
896 821
820 15
344 448
204 439
825 375
688 649
321 976
655 511
334 846
943 432
981 237
92 900
41 66
832 371
800 273
305 725
123 586
1 764
398 622
404 751
701 111
406 437
210 714
525 129
304 523
787 634
150 78
689 952
549 863
435 532
774 755
278 994
260 681
300 878
603 847
838 234
280 706
153 116
427 629
168 310
193 843
934 817
31 127
419 153
77 493
261 742
200 8
99 794
334 87
673 607
339 447
582 393
486 306
932 680
699 175
276 84
465 117
393 784
676 725
492 842
94 914
78 203
928 762
67 86
966 778
256 167
918 745
264 658
219 263
30 505
125 805
608 449
954 821
261 203
651 895
963 765
108 536
808 894
971 410
863 664
575 20
968 626
817 676
527 337
983 275
697 126
241 10
260 388
744 959
562 919
963 620
160 399
235 709
307 164
806 10
795 807
715 76
103 278
899 773
187 535
196 500
968 357
305 608
178 238
35 587
821 616
183 579
865 424
387 70
122 832
465 858
407 923
601 406
895 220
680 771
588 692
41 207
723 935
407 776
266 748
545 751
430 91
162 973
878 853
828 122
852 112
785 329
606 931
789 385
516 463
441 808
358 88
529 844
145 571
457 889
899 366
295 585
746 945
304 228
837 6
951 2
590 710
684 34
663 654
449 810
215 297
797 553
802 833
270 731
560 777
276 104
519 476
281 470
444 806
104 815
103 547
654 913
401 745
132 623
229 153
820 540
893 226
806 71
590 944
480 993
265 219
251 814
753 480
406 868
152 323
660 923
455 233
664 478
259 514
725 763
172 525
302 676
834 276
218 383
492 370
256 592
494 480
373 529
579 858
172 668
397 257
240 362
920 614
263 900
503 259
956 778
369 987
560 59
863 199
235 830
10 984
338 573
477 671
79 886
134 925
908 832
876 76
202 111
5 896
615 753
610 467
277 256
61 425
282 438
301 506
951 320
989 13
735 569
499 257
318 839
300 822
528 465
103 131
253 882
568 946
608 879
145 551
59 57
294 752
944 353
712 797
567 129
201 280
560 849
751 469
702 779
799 605
867 956
393 735
394 96
640 172
110 438
55 371
827 282
511 192
319 174
780 940
63 246
752 919
230 938
272 731
938 578
120 501
36 911
377 193
693 366
47 673
930 227
898 837
864 722
792 367
292 62
151 564
744 104
851 972
781 733
414 690
56 42
592 44
298 171
299 766
32 19
530 366
551 388
757 671
481 668
463 996
890 304
424 798
948 144
770 688
353 474
65 462
680 701
282 456
830 807
706 369
305 680
571 693
734 387
365 548
957 416
904 820
502 327
269 990
255 53
630 67
795 442
317 946
980 118
420 474
269 815
823 456
827 781
596 70
438 793
735 541
421 965
607 395
63 676
361 284
896 561
434 592
949 424
385 60
187 136
944 269
746 905
286 364
159 230
400 735
555 677
998 35
361 62
968 18
881 823
438 426
957 838
337 197
135 398
379 462
505 895
628 139
314 351
632 206
171 442
9 427
137 766
944 250
826 242
974 298
810 849
318 270
873 181
280 764
747 668
371 534
804 768
160 791
712 324
470 52
290 678
60 816
117 769
280 496
655 171
547 530
769 572
460 201
338 917
725 691
63 316
697 466
381 841
203 169
810 83
167 466
208 769
373 713
148 878
964 728
696 22
623 453
455 471
442 850
631 94
99 121
194 351
259 393
867 124
389 630
28 218
256 80
361 787
303 976
996 671
507 637
553 429
321 753
50 401
40 135
24 294
494 980
10 867
47 332
84 106
554 912
684 999
442 406
794 163
478 456
227 584
176 726
361 734
322 844
516 468
421 616
850 394
425 621
979 82
173 247
127 880
628 299
423 535
149 894
650 949
816 405
64 682
767 160
126 56
716 811
372 152
543 307
168 551
889 931
93 755
738 648
298 525
225 571
211 632
654 954
831 266
542 187
394 139
822 219
551 955
219 434
347 249
664 37
834 749
997 111
746 417
532 100
113 868
497 133
220 332
492 923
967 984
733 726
647 650
635 872
184 739
66 37
777 743
450 900
218 152
790 930
954 916
226 703
703 179
635 217
891 179
70 628
877 124
995 198
899 614
108 42
817 230
759 120
799 961
680 599
753 7
496 40
705 932
743 676
178 796
667 480
3 824
759 158
448 58
467 262
340 8
535 297
682 303
956 962
938 693
389 287
373 112
830 590
173 313
822 942
74 142
112 341
627 158
310 862
541 666
347 960
663 427
478 567
300 851
376 25
802 525
196 268
783 882
2 965
330 502
723 117
559 731
676 901
219 978
145 971
768 675
660 497
80 666
495 246
940 929
984 869
897 114
974 64
924 685
524 311
729 983
894 315
987 247
716 527
681 852
665 383
760 827
615 455
928 519
121 775
160 625
472 643
642 601
113 695
845 126
925 166
532 120
290 383
203 898
204 473
872 966
708 857
363 854
750 436
555 198
846 971
687 589
711 443
243 509
256 593
759 431
134 598
963 698
329 602
130 925
900 169
835 628
726 592
334 739
643 585
971 116
86 901
829 398
341 340
571 827
476 573
791 822
353 302
615 530
80 73
455 701
795 32
869 895
175 322
503 721
179 775
198 97
865 292
386 119
558 769
5 911
398 656
370 845
638 418
378 540
487 466
714 110
918 8
707 743
154 237
317 655
232 645
675 261
328 184
461 836
667 953
466 218
249 666
33 581
880 596
665 136
884 4
353 692
228 544
29 561
750 933
474 352
111 885
119 999
79 459
906 821
745 235
30 133
451 80
159 291
932 737
147 427
933 544
251 751
324 369
402 679
538 715
945 763
983 7
931 440
716 642
458 670
241 358
319 911
674 138
967 531
180 455
413 599
147 246
699 549
574 691
18 377
392 110
596 830
464 289
857 270
655 199
624 527
677 539
612 32
228 297
484 691
75 86
774 560
757 670
114 688
26 574
619 661
770 501
978 812
762 664
869 945
835 737
199 894
810 289
74 669
321 788
594 751
636 610
612 779
425 132
678 379
663 13
645 514
652 354
780 303
122 347
253 563
54 524
623 981
496 572
524 804
175 580
321 173
771 197
349 497
68 45
64 335
533 963
662 41
455 450
371 214
447 725
114 777
46 685
413 886
840 222
949 932
660 425
737 330
976 526
423 317
543 28
909 674
219 56
78 237
44 964
301 562
863 896
370 23
699 128
834 646
742 775
234 614
109 378
471 375
517 915
449 938
439 725
445 920
925 665
485 439
507 67
682 869
593 70
579 247
109 412
56 88
238 832
76 43
169 991
495 72
423 982
265 460
877 919
414 687
623 343
352 878
665 883
653 518
302 588
434 380
566 573
588 93
523 714
677 273
990 1000
812 804
579 563
84 371
861 581
218 761
536 670
574 378
153 574
905 495
84 226
343 887
37 148
684 849
683 686
836 660
126 460
496 713
247 660
545 17
770 217
221 121
530 539
386 174
923 50
466 384
987 558
235 935
501 34
324 245
396 298
1 190
590 744
519 724
29 584
451 266
326 702
534 499
370 454
443 382
814 867
121 520
140 694
879 315
590 906
78 94
997 908
390 42
945 801
505 794
245 570
915 633
552 605
926 829
6 90
798 198
301 534
323 226
159 392
950 397
73 975
419 727
59 556
211 857
512 106
588 445
34 963
510 743
722 439
982 141
502 436
312 111
890 568
217 950
308 195
462 868
104 256
748 601
520 274
479 419
528 781
928 23
820 493
221 616
956 765
591 512
351 229
291 208
13 860
70 791
786 92
148 965
391 476
938 803
516 636
799 742
231 480
786 953
14 382
566 827
553 392
844 697
482 854
445 322
504 770
69 342
182 671
398 584
340 326
117 122
762 129
923 311
377 229
412 956
287 304
326 222
697 794
457 29
934 537
404 636
225 41
387 358
848 250
67 986
339 33
947 350
641 543
754 876
461 718
413 619
486 99
254 31
3 423
261 695
317 731
399 729
310 396
251 69
675 70
154 987
584 140
733 885
863 826
989 491
958 586
372 403
138 119
500 105
285 484
401 751
793 778
573 861
901 329
638 829
372 689
827 758
689 138
307 626
713 731
626 876
479 848
955 842
651 669
968 999
185 259
60 761
106 205
523 423
963 812
832 968
330 659
95 902
475 582
459 125
707 275
911 901
199 45
697 265
751 698
481 630
193 58
587 470
182 942
553 714
433 580
164 508
888 934
944 840
9 745
563 142
781 379
342 615
239 777
293 161
482 890
672 278
377 16
748 1
822 792
148 831
735 773
590 801
598 519
446 784
840 743
732 184
75 582
576 33
783 800
992 785
499 259
724 200
361 294
428 28
166 893
44 301
409 984
712 799
837 393
388 689
577 836
543 59
530 902
819 771
159 290
767 601
881 922
112 909
635 727
640 249
181 151
445 514
409 532
911 293
570 217
21 687
650 17
29 116
200 542
552 596
26 797
924 886
892 162
195 658
325 943
640 293
364 779
460 310
248 788
872 206
105 673
505 157
588 58
200 843
240 136
222 264
333 805
578 96
194 377
947 941
943 409
766 852
951 994
810 302
459 724
889 367
27 61
455 672
974 688
187 718
631 779
524 711
411 262
305 691
74 116
883 758
679 657
349 46
535 294
835 943
73 180
457 213
644 719
969 114
272 238
699 329
662 959
262 457
163 20
310 453
701 524
779 334
926 755
34 283
556 372
101 337
451 190
21 344
26 503
766 172
660 281
54 248
96 302
133 743
246 784
559 865
836 442
711 830
453 886
265 142
440 299
138 158
730 852
318 415
699 950
214 220
392 804
609 962
18 430
668 433
685 621
194 8
548 827
329 823
185 315
829 610
665 961
26 881
869 353
507 386
344 340
420 553
757 704
422 139
765 545
715 212
644 216
39 662
338 737
543 774
982 290
911 866
349 17
354 23
501 164
156 769
395 763
308 580
433 345
916 891
601 447
88 230
767 366
173 323
951 631
398 621
112 220
912 333
308 922
771 2
551 347
794 161
408 540
944 638
980 148
670 968
696 890
452 813
404 968
701 846
650 800
839 18
836 587
862 739
605 3
589 702
348 236
497 750
62 117
525 322
802 969
231 903
116 231
444 686
618 33
72 69
55 260
595 883
483 525
360 320
221 887
42 756
281 616
837 611
54 375
132 517
498 69
156 387
713 985
366 796
937 754
898 664
114 53
481 798
243 427
964 393
864 687
652 105
133 14
372 892
411 868
711 465
75 53
200 677
865 993
834 60
556 496
986 867
623 362
915 421
365 166
402 176
21 810
360 570
864 399
924 92
304 893
341 446
880 384
337 580
330 929
458 250
701 174
227 315
9 716
553 689
584 888
804 649
44 249
387 75
341 987
597 990
636 564
253 664
198 123
880 110
58 934
274 555
518 846
27 865
909 67
892 797
554 626
131 991
232 796
267 271
892 908
328 271
252 499
827 823
83 39
760 129
119 902
619 454
842 363
1 153
383 585
846 371
149 1
941 101
319 465
598 932
729 827
270 815
751 434
864 30
183 294
244 304
228 925
282 911
167 399
452 197
573 747
474 428
517 712
590 22
59 730
64 884
253 256
498 105
815 804
817 539
980 945
655 975
142 694
396 31
351 260
268 888
967 958
973 361
26 774
324 979
678 774
332 454
194 483
579 439
678 913
330 739
493 853
294 910
385 994
540 850
812 975
298 744
535 617
813 775
924 416
84 325
691 343
286 921
717 727
620 422
634 6
557 838
749 727
421 716
486 802
92 365
183 838
495 592
117 206
300 930
709 266
140 59
931 768
552 75
554 761
172 356
889 142
570 121
374 582
784 110
253 783
733 5
610 304
22 418
81 934
789 985
913 543
185 896
119 795
393 627
413 912
968 505
487 515
607 786
703 595
25 152
393 732
102 862
158 988
404 452
313 929
284 530
950 475
110 292
854 679
103 721
534 629
379 242
536 89
502 423
846 954
830 287
777 145
941 18
1000 102
911 115
604 632
995 301
777 226
541 73
7 685
599 183
195 661
806 375
262 517
786 131
553 660
221 574
207 639
706 426
855 527
307 13
608 485
875 109
539 374
669 711
515 737
681 137
38 318
757 958
95 315
307 299
19 607
871 283
529 94
785 244
416 625
526 605
4 408
26 240
28 600
840 516
583 308
164 70
184 892
663 124
339 216
639 109
36 152
572 58
554 733
629 7
650 924
582 135
918 133
938 130
98 544
120 88
769 171
880 626
956 447
553 996
979 774
603 690
91 933
660 427
577 807
746 150
582 560
840 47
974 962
53 219
586 654
122 658
907 336
749 915
918 688
480 940
110 739
547 646
180 421
547 364
369 420
996 7
857 511
450 959
454 607
238 838
845 358
548 907
346 751
62 227
264 54
598 17
599 456
213 125
566 563
398 161
346 670
293 437
714 288
759 6
688 653
775 772
271 261
808 450
809 943
863 100
365 170
773 780
278 442
575 688
282 809
302 300
878 551
624 922
792 468
791 888
387 110
706 336
65 344
563 201
568 305
198 28
787 529
438 559
421 307
903 755
838 460
288 616
305 12
280 552
80 778
175 501
975 358
932 16
761 34
175 602
183 63
974 990
633 216
691 549
553 745
893 662
803 146
107 257
219 971
201 324
644 176
79 367
928 929
139 10
794 96
898 341
742 116
746 123
68 3
927 238
828 517
430 594
637 499
965 428
774 194
881 820
9 452
581 732
124 409
694 21
11 211
24 135
315 920
544 974
686 633
856 848
301 677
251 774
38 984
996 84
698 143
837 900
659 348
381 520
552 780
80 253
750 14
255 596
994 708
769 18
51 317
283 916
551 504
338 819
648 850
527 115
179 481
142 23
19 328
369 819
635 56
361 867
711 135
18 569
289 978
718 976
420 179
293 139
114 984
691 24
231 371
397 221
826 43
500 368
690 224
122 302
162 969
240 669
28 590
582 45
236 745
383 362
519 532
496 582
896 589
254 29
400 892
296 65
987 49
442 139
297 644
279 556
357 796
999 477
234 105
14 811
733 81
756 246
810 970
650 551
824 782
309 714
534 413
793 21
704 456
23 664
923 662
194 538
509 744
953 479
298 953
724 618
263 286
980 732
875 526
401 749
628 206
703 796
363 927
732 316
608 370
261 173
167 83
314 389
433 371
727 123
786 619
273 580
327 649
254 699
555 170
280 444
342 78
57 206
100 148
337 718
599 146
51 488
248 297
342 185
623 280
200 706
972 32
593 285
80 360
834 1
247 244
319 731
293 508
150 814
173 854
47 205
515 631
477 736
408 921
309 886
801 426
182 863
649 846
666 651
335 484
156 761
231 151
662 695
248 293
653 16
947 271
841 304
329 100
666 429
418 661
858 981
658 569
220 202
130 254
838 155
546 694
456 496
911 386
135 128
706 860
339 285
158 803
947 637
519 286
280 472
154 906
534 441
641 890
719 887
978 207
104 736
980 641
450 404
270 699
841 733
113 630
440 674
607 930
646 822
594 511
562 835
885 524
745 121
34 70
73 564
55 764
797 299
194 768
964 300
158 255
474 48
989 751
556 982
884 507
741 94
542 1
928 405
753 384
219 364
807 167
406 772
479 182
393 159
17 539
700 888
916 301
686 101
942 805
941 814
467 647
213 503
91 967
277 906
100 799
428 790
506 466
753 115
99 454
536 999
421 171
204 813
260 239
722 814
484 525
970 500
109 872
950 806
791 742
788 858
65 450
486 530
160 314
127 260
895 997
135 659
53 722
37 253
754 577
226 166
192 122
196 530
583 166
605 490
678 382
535 451
143 40
250 403
567 594
839 969
770 240
623 982
666 250
943 991
927 314
399 893
127 856
205 574
956 346
116 495
870 816
193 866
894 186
461 869
29 609
232 627
340 614
931 29
570 327
71 790
223 831
573 560
319 737
543 136
713 341
788 353
902 281
461 71
872 690
584 198
12 599
31 309
555 583
183 414
777 577
959 297
604 136
306 967
492 754
147 313
792 2
24 172
156 441
911 315
94 725
20 984
760 741
778 460
618 655
270 288
271 9
937 549
367 944
800 763
98 190
330 582
437 674
21 931
722 752
248 963
597 72
360 945
213 482
277 942
670 483
199 57
860 789
113 184
481 700
99 125
14 502
735 40
972 334
847 610
525 588
986 606
511 89
297 211
135 759
136 265
340 87
507 750
558 973
945 440
302 15
326 241
697 771
93 154
631 670
601 351
876 295
390 201
866 84
757 36
207 7
525 414
784 24
111 603
662 89
270 779
372 117
585 92
824 900
89 781
435 825
132 963
397 185
138 380
727 530
486 164
489 64
732 132
660 473
127 594
862 515
962 641
579 652
898 453
422 527
405 460
958 685
135 494
736 584
551 550
73 611
25 960
561 790
809 172
341 550
452 385
57 471
593 133
261 165
997 107
860 457
842 920
661 324
366 58
412 602
725 625
979 195
712 356
913 923
526 677
664 455
424 620
336 136
53 293
238 867
419 903
890 402
617 442
22 655
243 888
562 912
355 146
174 570
122 875
655 425
558 668
453 674
726 982
969 611
592 278
324 285
614 855
70 933
566 830
625 338
822 498
718 977
813 963
151 60
799 624
32 940
2 312
790 349
666 295
978 533
763 546
853 307
478 629
880 255
202 455
849 768
903 615
712 520
343 634
537 675
157 820
481 245
745 576
31 201
340 382
477 353
903 261
524 126
858 784
275 1000
438 116
811 94
79 322
874 6
983 936
840 138
604 419
236 799
811 635
500 676
644 598
419 406
974 68
243 250
996 388
559 938
124 335
965 399
38 539
183 454
445 763
159 617
83 212
938 428
119 832
145 566
414 953
432 492
366 470
422 356
405 666
771 774
356 232
88 582
530 613
33 219
53 136
75 320
545 96
975 494
860 703
826 635
152 614
427 476
708 635
402 146
4 98
497 272
759 88
85 121
142 240
493 740
611 449
358 471
89 495
342 523
109 788
58 870
899 868
791 818
541 423
339 883
726 877
13 206
586 272
514 597
681 60
689 537
589 882
744 604
763 488
620 55
844 559
248 294
491 890
936 29
594 553
991 569
347 114
390 538
672 759
395 880
514 230
453 202
970 996
720 991
994 379
401 999
392 970
626 280
625 698
936 827
295 616
576 450
624 510
842 397
935 600
336 758
334 813
746 33
49 215
591 187
334 144
20 935
3 819
647 10
290 445
124 699
77 99
314 311
838 418
301 603
362 603
20 133
617 199
825 18
493 132
703 17
29 226
565 976
825 131
57 233
630 766
812 655
800 847
375 17
621 281
125 714
553 521
520 350
522 820
743 778
504 641
321 93
626 448
679 334
587 121
352 821
406 726
283 153
191 560
708 750
910 38
606 401
97 615
425 952
812 828
869 957
378 120
985 144
35 697
217 318
847 574
907 437
504 974
1000 947
472 364
849 942
792 863
945 403
839 827
383 463
973 945
59 689
745 766
447 866
766 644
253 975
552 154
92 371
364 488
996 905
649 724
213 765
417 676
778 791
775 753
369 518
409 8
931 911
995 854
43 465
866 584
559 671
106 85
859 982
685 21
281 375
803 470
107 581
953 421
682 700
977 488
775 181
816 42
979 614
673 919
270 519
218 805
56 911
603 502
501 801
980 900
584 421
553 826
552 899
119 317
835 244
266 313
160 812
489 560
864 516
69 243
379 1
683 446
933 560
262 596
377 544
393 267
61 838
230 839
1000 354
874 532
730 151
75 118
504 524
122 354
549 834
1 980
734 326
353 505
830 885
227 256
464 958
363 192
402 508
545 596
766 966
734 96
628 995
922 886
652 435
268 420
823 442
951 737
280 554
499 734
84 972
987 693
759 376
793 876
558 172
170 789
482 515
487 278
400 786
684 514
25 395
427 619
908 506
31 101
567 855
325 344
521 939
466 385
870 894
766 493
659 821
987 448
349 755
297 840
543 111
655 673
603 656
777 531
654 959
570 442
147 487
548 856
849 129
874 350
911 489
897 267
440 458
650 69
37 631
337 966
265 161
85 544
341 918
532 97
73 860
147 197
901 340
587 75
742 950
86 970
488 453
17 593
381 518
897 469
904 343
707 426
854 463
341 232
555 110
575 99
320 445
742 656
626 441
99 11
619 704
468 860
450 675
108 331
987 431
245 48
709 991
929 695
71 230
927 121
373 719
635 427
344 192
199 834
771 325
226 252
245 128
743 385
74 643
156 663
286 834
636 641
867 777
24 877
477 45
44 656
303 721
306 151
490 328
608 635
199 608
2 188
956 61
704 14
68 226
2 47
410 312
987 526
456 470
737 59
899 340
97 452
825 553
870 249
429 509
233 260
145 974
124 631
684 373
984 976
962 883
528 137
124 618
441 304
989 374
258 662
794 324
7 113
335 612
104 646
466 789
674 302
894 429
650 1
664 974
150 539
929 670
372 415
708 17
102 768
395 352
968 190
966 985
498 21
6 58
635 700
561 817
944 135
632 66
727 132
342 354
90 251
536 465
875 609
494 25
849 126
128 493
582 792
416 351
853 12
242 97
26 914
355 834
211 577
341 795
911 227
290 747
251 2
316 469
304 808
467 602
568 175
290 973
578 24
299 537
450 647
624 710
478 73
333 890
727 263
800 113
857 64
30 810
553 351
717 724
634 157
117 312
312 570
23 20
154 421
999 831
822 796
895 254
198 90
6 113
992 698
496 646
994 157
689 617
636 714
840 747
583 333
434 836
326 830
59 337
813 712
979 160
330 388
656 710
248 5
969 43
400 858
131 7
666 77
244 113
173 75
214 665
36 325
936 971
577 943
154 904
563 620
712 914
860 58
724 752
901 1000
492 889
402 529
202 783
115 482
274 552
600 662
949 877
309 462
812 475
898 684
81 496
599 82
146 300
649 323
560 354
834 833
411 688
488 285
668 547
384 584
313 342
373 590
468 694
701 384
601 788
341 17
566 554
807 788
873 680
285 554
568 58
492 114
757 522
501 204
770 573
809 961
739 384
98 8
27 12
931 626
895 781
130 271
350 370
407 985
301 310
283 343
214 925
948 547
236 269
791 55
792 975
202 334
444 322
107 504
70 140
255 128
576 1
597 757
488 737
140 986
236 563
295 702
685 370
79 231
335 137
937 631
927 437
953 714
629 181
294 884
900 554
300 167
121 390
303 420
660 455
280 907
614 186
615 215
29 528
504 896
12 450
262 126
814 699
727 366
894 485
898 622
516 961
849 164
206 811
135 277
124 368
570 22
453 882
38 544
111 106
270 184
665 314
958 913
464 85
691 822
613 37
579 109
780 684
341 866
786 945
454 707
648 978
332 43
711 489
146 419
898 978
743 984
815 575
63 314
300 221
492 176
351 127
18 231
800 987
393 411
13 618
888 772
481 690
246 498
270 957
606 370
588 937
554 233
645 318
829 433
758 345
354 19
139 869
50 312
409 431
744 518
178 84
948 400
961 987
500 287
192 88
981 456
928 2
287 347
533 671
81 688
615 823
541 688
328 279
622 924
532 949
718 516
439 61
97 78
301 60
164 604
838 237
549 278
335 877
905 942
488 620
931 938
625 833
917 387
277 36
672 798
720 710
334 82
225 460
867 877
945 971
289 879
586 975
550 866
620 812
370 338
941 287
954 986
718 115
96 462
669 437
651 918
565 708
930 67
873 896
110 227
996 192
668 95
71 913
384 786
518 85
389 15
32 260
859 201
306 684
207 877
355 950
502 827
855 893
650 380
972 63
967 247
904 295
288 92
786 183
524 277
682 100
792 476
557 804
545 164
805 378
199 31
297 19
464 524
51 220
491 485
496 445
963 210
540 104
8 169
671 173
377 398
613 296
892 571
640 958
850 712
311 391
991 289
350 443
832 342
886 25
407 912
448 175
69 337
434 974
92 534
553 28
666 293
648 360
334 591
939 795
45 744
987 790
456 761
887 529
23 209
746 646
183 455
190 618
576 73
704 190
562 52
728 820
729 541
22 410
858 798
663 130
876 555
594 244
956 664
581 10
304 106
371 770
322 449
441 327
794 325
906 795
907 46
531 615
118 559
107 524
516 778
931 385
561 167
251 729
983 136
152 499
552 970
627 98
898 598
846 128
519 106
557 307
488 4
849 994
767 646
113 681
981 520
266 367
308 166
751 114
683 498
176 927
854 377
985 766
228 428
105 575
569 104
881 398
373 538
262 541
375 444
912 702
14 146
955 964
134 731
174 596
570 178
964 798
227 458
28 233
601 217
451 990
566 873
715 97
292 310
772 248
848 910
334 905
26 454
563 149
550 445
807 550
213 901
597 705
198 91
914 424
500 343
196 584
785 157
239 746
610 490
3 232
41 957
794 229
795 324
580 706
837 193
173 148
842 169
650 996
281 127
245 310
887 875
746 781
179 600
360 207
741 566
79 179
262 369
541 922
690 372
822 515
720 767
955 120
810 941
300 83
817 127
56 663
194 637
245 295
195 204
287 740
372 849
458 934
833 850
195 93
267 888
220 696
924 574
542 245
358 804
711 742
227 779
882 144
166 812
918 167
263 541
587 941
234 671
200 515
99 433
668 426
831 46
389 71
247 439
929 50
712 446
848 46
298 3
166 833
65 820
691 616
939 297
56 49
668 328
942 923
834 96
856 728
637 104
146 94
756 845
1000 297
725 506
156 907
543 809
18 932
667 899
937 138
389 539
359 285
662 628
476 543
27 15
718 783
519 810
499 55
814 290
269 983
108 193
49 821
75 904
277 444
780 293
141 285
73 191
532 914
314 691
814 252
28 689
418 725
736 344
872 776
698 908
832 858
45 99
12 364
451 276
16 887
935 638
58 414
48 936
145 189
297 39
345 682
362 776
699 155
497 551
391 793
894 490
788 467
755 96
49 902
591 270
979 616
342 312
34 105
955 467
24 175
833 687
172 799
946 966
160 959
859 783
553 824
166 238
816 138
574 710
394 496
588 486
96 752
17 516
627 745
716 937
506 386
179 280
631 981
769 934
75 411
927 883
706 27
563 446
411 957
749 87
905 311
355 200
350 77
264 280
527 825
736 824
628 894
10 923
339 813
503 742
878 982
993 312
792 957
808 115
594 604
22 157
188 141
66 721
833 793
468 365
514 317
36 41
626 547
79 85
740 817
317 576
178 262
197 139
291 458
974 845
757 323
558 396
600 386
16 851
629 825
120 231
67 288
215 232
896 306
146 945
438 562
258 547
577 775
629 603
160 620
306 998
209 241
750 304
678 573
441 998
170 236
902 181
982 948
38 815
426 205
557 513
794 853
778 382
997 330
946 716
360 769
626 36
332 479
531 11
494 447
556 590
946 558
561 977
201 637
570 734
754 339
352 302
616 368
806 408
929 693
382 527
184 508
863 68
648 11
633 723
61 74
522 556
925 545
527 797
550 406
865 416
110 229
60 134
156 657
196 966
145 384
844 518
629 296
409 575
755 295
714 22
932 161
573 177
762 250
435 632
20 586
758 870
672 605
184 811
179 639
469 832
918 214
124 266
780 211
233 266
582 98
914 777
816 263
600 414
896 367
200 44
788 693
469 875
926 351
934 337
721 783
423 451
134 114
410 762
215 125
288 857
295 133
669 408
300 285
158 135
72 324
570 207
854 271
911 380
234 696
219 260
241 204
938 314
411 820
668 583
981 760
400 422
105 429
638 513
236 604
470 119
952 498
170 83
557 613
743 914
467 751
375 14
86 71
845 288
587 703
337 630
184 203
437 743
646 293
190 993
781 514
285 979
70 587
307 135
143 309
610 564
954 380
683 800
955 967
886 809
613 687
568 723
279 560
35 817
914 116
293 73
288 968
377 740
189 40
338 674
545 816
86 400
581 577
424 391
409 501
681 551
576 793
41 787
282 628
173 278
857 657
549 203
509 414
562 70
671 815
178 383
718 637
120 909
889 145
107 316
276 327
844 466
962 853
279 701
211 731
927 241
100 901
876 671
915 729
220 411
449 959
105 77
267 234
383 846
404 449
315 742
394 780
101 25
51 780
824 524
169 504
695 84
392 408
390 135
105 367
233 802
128 551
769 270
916 459
683 320
441 941
601 719
659 299
938 286
5 229
545 400
873 995
801 14
692 139
540 749
913 485
513 547
290 636
899 534
306 848
448 300
946 615
13 956
648 229
544 438
141 520
292 643
235 645
445 490
40 885
362 645
829 427
27 145
781 264
766 862
204 214
696 352
171 338
455 265
460 609
407 106
209 935
89 377
516 218
576 869
465 922
980 15
728 32
729 265
145 328
573 136
525 229
49 308
212 224
839 965
511 276
650 822
518 945
580 715
49 389
140 980
13 290
733 968
839 602
476 92
538 195
44 376
187 160
177 89
628 334
975 475
962 774
525 344
799 137
158 771
234 173
591 235
629 804
131 585
909 586
548 286
224 411
976 517
175 897
643 128
57 485
522 256
850 885
561 238
263 354
893 49
94 846
477 42
884 436
172 792
821 389
273 631
646 48
69 895
263 512
18 453
564 328
657 666
513 670
825 156
195 403
369 40
479 39
762 577
501 539
670 340
392 355
949 259
933 910
739 883
886 998
445 228
543 895
344 457
342 852
878 266
909 152
627 518
25 525
633 581
522 678
796 9
9 176
433 565
514 758
531 204
182 872
398 853
290 866
666 557
460 566
812 803
714 785
741 132
135 755
209 371
230 567
805 55
710 578
369 709
44 687
836 659
377 210
44 511
329 87
93 150
331 513
960 95
288 732
734 129
761 37
769 738
339 251
72 798
442 240
461 692
517 883
597 632
728 713
750 778
144 266
55 124
884 980
595 27
615 100
525 380
448 688
214 711
965 373
747 31
399 627
20 772
564 889
768 846
452 239
953 454
738 640
410 743
289 990
641 97
950 21
613 357
544 852
234 562
185 14
459 411
918 742
152 449
225 797
545 382
252 50
146 739
309 181
440 444
355 811
475 577
109 488
341 245
696 988
109 121
700 828
904 297
797 162
835 499
602 10
665 848
961 441
850 210
436 509
297 722
664 616
633 609
57 894
835 529
692 174
986 895
882 748
334 947
317 191
464 925
139 643
644 281
95 382
297 307
122 440
505 48
948 630
398 595
22 207
44 659
223 116
526 335
50 60
322 825
823 411
663 50
501 370
971 961
231 989
839 546
54 894
982 483
884 953
187 91
480 463
465 285
802 628
128 875
384 261
194 375
20 792
871 482
362 833
950 70
595 789
890 911
172 194
157 306
819 861
834 598
561 822
992 510
749 482
487 840
386 645
622 784
663 837
522 171
685 653
391 518
512 77
200 489
163 767
667 726
247 429
484 929
485 456
688 413
125 546
436 179
554 506
475 607
77 703
325 44
579 837
285 978
911 898
77 528
78 795
373 649
653 583
291 666
398 866
626 299
511 831
386 698
5 324
174 709
269 207
623 618
58 866
924 301
672 446
212 495
896 994
469 504
771 418
169 468
14 716
829 217
176 519
249 983
395 999
804 393
192 413
597 734
782 576
804 24
590 521
554 739
499 148
903 468
392 974
49 489
12 251
218 659
1 334
440 986
2 324
116 7
281 238
742 887
805 515
853 336
634 567
965 333
182 41
516 857
441 353
538 817
479 761
263 232
525 533
621 832
837 259
441 210
996 420
266 47
656 731
877 615
324 377
72 274
825 820
59 764
268 391
778 20
962 487
217 676
627 497
954 771
264 851
618 660
927 564
8 557
128 290
772 523
111 305
518 19
596 983
940 449
313 347
562 882
636 695
605 944
442 980
424 695
636 182
873 540
69 723
490 441
5 279
812 937
308 760
860 957
256 851
709 916
670 682
909 338
107 6
219 124
293 253
748 205
684 314
336 563
580 790
27 958
780 336
356 802
883 767
502 746
995 717
390 619
67 778
875 99
767 81
951 270
188 858
260 703
815 702
362 197
562 110
944 695
84 650
527 362
793 950
763 820
809 436
271 547
71 781
183 247
884 96
387 978
384 124
811 583
208 400
357 49
431 798
585 278
7 613
607 909
721 854
774 216
388 547
251 643
972 673
540 407
205 206
744 256
137 374
290 332
440 417
646 49
757 476
873 845
776 757
402 933
4 881
243 581
925 23
85 362
669 992
916 718
424 516
612 125
904 270
703 134
835 278
878 408
312 953
649 94
728 449
514 836
218 431
972 244
277 794
98 201
207 601
265 726
194 340
195 917
658 39
71 254
329 491
648 17
840 301
628 431
529 274
359 259
674 733
773 647
887 745
84 234
782 879
70 973
364 298
44 232
131 91
813 619
64 22
853 282
302 16
452 645
385 78
353 72
540 340
942 480
447 898
642 484
808 4
862 347
34 836
442 270
316 299
945 157
84 831
12 44
505 742
783 865
715 631
828 755
558 35
923 610
157 666
766 390
831 572
770 382
241 777
759 51
196 24
119 808
101 493
257 81
840 147
596 893
492 926
864 9
992 62
902 367
48 70
308 740
343 401
570 471
936 533
497 961
735 223
335 573
361 146
91 41
953 310
572 536
591 492
959 328
634 833
159 624
660 171
897 271
276 188
176 504
17 964
509 604
612 307
426 112
337 843
655 865
885 639
951 210
773 150
777 211
65 833
872 111
427 955
194 103
322 80
485 548
345 241
494 466
906 408
263 773
285 973
568 151
34 591
975 728
833 245
193 86
726 120
838 614
661 771
204 882
960 752
680 751
749 357
221 258
848 564
482 878
122 441
508 978
948 631
342 706
187 271
691 143
272 15
151 281
814 203
841 239
182 433
206 782
239 576
478 572
889 251
763 670
434 702
107 864
757 436
541 947
781 170
656 67
804 219
127 748
536 408
267 902
723 493
410 550
323 795
141 662
823 94
516 870
422 989
578 799
671 26
968 83
487 613
45 331
505 830
327 609
310 849
496 356
132 593
205 5
797 321
817 387
589 146
509 655
426 237
538 623
246 962
765 446
566 177
47 516
1000 788
638 519
132 262
869 337
708 977
896 811
985 364
416 49
414 604
510 997
612 53
226 856
578 485
781 512
854 94
32 1
472 200
975 896
761 582
522 748
692 28
734 910
514 371
865 736
585 231
703 444
834 317
235 808
753 939
739 104
31 596
616 708
625 369
311 484
758 55
740 518
689 540
710 170
602 547
731 845
662 841
402 936
49 270
655 570
175 314
13 427
227 904
112 362
541 719
922 989
550 749
510 62
338 119
504 115
289 943
489 225
35 173
606 788
383 645
242 539
941 49
84 742
979 121
414 435
828 741
576 374
627 257
746 42
908 269
547 87
660 414
81 185
278 637
376 907
395 307
474 280
20 940
774 253
320 910
172 167
232 330
788 425
497 794
388 991
569 318
8 714
285 226
807 93
60 806
760 574
190 161
374 957
385 805
189 503
389 213
726 198
677 514
234 956
554 479
739 857
926 693
374 918
711 295
414 715
94 319
900 118
167 433
5 278
958 388
485 862
714 616
625 51
570 660
169 422
464 282
544 150
451 844
838 328
880 94
666 745
525 146
28 494
377 52
549 28
399 933
645 521
758 130
27 814
637 819
908 237
925 777
286 553
880 828
173 137
163 149
267 332
231 919
3 342
816 483
796 649
94 273
370 584
861 667
451 281
604 497
649 164
881 860
724 970
943 680
237 649
310 255
21 120
495 49
8 825
781 123
158 35
346 259
573 812
189 855
926 36
730 685
987 54
676 861
510 609
759 554
925 244
284 764
51 667
432 951
833 605
336 19
851 660
360 153
432 518
821 52
489 571
697 254
76 205
904 416
815 586
356 173
817 693
412 207
656 885
397 669
109 403
492 285
554 288
717 852
42 92
886 629
706 231
47 941
708 553
13 589
471 989
536 858
612 205
629 902
821 839
933 797
723 713
373 832
928 115
92 1000
709 631
122 51
73 625
335 309
743 408
709 536
108 145
201 817
883 813
763 269
387 484
695 319
943 155
527 984
473 677
224 365
616 723
671 749
49 342
892 864
90 811
53 978
920 59
495 913
6 644
745 622
436 851
358 171
16 168
20 544
577 135
483 966
157 665
270 936
552 409
167 608
689 224
603 614
968 425
333 201
393 652
232 484
710 713
396 513
898 479
358 759
453 705
996 381
119 510
455 605
432 964
986 311
713 597
950 410
733 522
166 528
812 415
7 959
925 216
836 313
787 299
384 790
792 147
77 951
355 813
372 725
754 731
602 246
146 368
512 129
959 783
341 100
126 970
470 328
678 877
455 28
880 232
344 423
734 660
200 907
425 704
763 228
250 17
363 274
326 410
75 230
509 431
963 950
861 928
481 444
869 833
999 790
340 113
801 737
338 252
258 188
430 102
6 327
315 162
257 783
653 118
770 178
699 280
239 579
652 178
653 199
896 580
400 883
220 108
828 339
904 562
975 492
503 989
815 594
585 98
417 464
344 688
515 267
721 610
187 202
816 314
983 934
489 38
63 964
927 672
484 367
176 40
674 299
784 439
742 555
399 454
718 32
833 842
284 518
51 821
177 722
860 709
750 753
128 58
864 884
427 533
112 523
67 63
969 55
521 390
993 705
280 276
134 147
392 334
176 485
587 901
548 645
843 543
290 373
534 976
226 631
189 609
802 280
753 366
761 875
541 125
156 157
412 55
969 854
646 280
669 985
655 26
878 337
918 141
403 669
955 984
886 812
799 943
602 415
899 989
888 832
469 390
520 228
602 544
737 783
187 298
279 250
211 160
66 741
178 491
328 452
553 29
794 225
45 857
413 725
839 627
258 418
181 442
687 463
376 63
344 541
589 749
150 367
120 68
27 528
728 643
35 61
435 887
148 260
976 653
297 890
944 491
180 917
71 977
3 340
348 323
59 784
426 501
673 540
802 888
769 97
385 376
171 331
287 625
976 826
962 485
673 894
717 612
964 299
233 807
860 452
149 162
688 349
526 653
160 774
877 647
828 656
220 986
406 799
947 167
975 858
906 383
436 226
458 614
60 662
132 251
52 50
894 793
754 180
267 795
539 544
32 46
697 300
347 743
341 397
808 494
825 464
781 261
285 726
514 640
472 451
532 713
24 52
154 275
670 117
641 771
967 367
614 736
26 329
282 255
586 385
538 300
795 439
814 145
583 300
785 381
364 486
476 168
23 789
724 134
440 777
221 156
370 198
24 126
922 821
34 417
641 719
182 233
715 733
542 537
898 522
928 925
289 725
167 716
731 796
828 847
319 273
301 774
664 822
972 712
923 855
893 93
819 870
659 765
94 930
296 126
349 907
78 251
389 372
928 746
525 904
911 403
287 597
163 603
863 906
480 986
43 241
371 796
669 349
238 718
263 492
329 988
626 858
418 375
591 552
764 874
618 758
949 110
458 523
845 397
132 328
207 916
752 539
369 467
901 28
596 868
613 770
707 325
109 35
616 137
247 181
881 219
256 762
596 570
360 598
752 328
273 65
436 395
636 954
654 9
783 431
182 798
915 683
131 822
127 182
642 694
118 991
191 897
838 452
562 78
608 597
623 898
540 342
192 204
690 71
943 779
983 718
107 475
434 777
353 925
880 857
952 694
700 44
629 114
81 708
637 583
874 267
747 11
720 925
495 769
131 864
23 942
463 295
357 992
617 692
101 491
915 677
475 234
119 731
253 17
716 911
453 575
137 774
775 6
432 886
617 268
826 42
665 360
24 96
78 215
447 38
842 816
536 507
829 842
522 178
225 786
122 702
104 989
464 279
547 733
237 799
954 825
15 87
977 232
838 811
861 115
109 485
751 970
644 496
267 149
484 799
397 640
109 118
130 797
961 269
542 354
30 534
14 187
882 777
815 335
429 640
43 566
616 372
304 886
199 939
783 82
921 934
572 438
735 922
421 334
403 975
924 379
174 910
430 500
753 751
902 611
573 92
978 524
300 544
690 152
653 996
676 347
514 362
184 845
791 122
836 513
175 401
978 302
942 109
438 48
489 50
714 500
534 75
183 27
743 67
413 530
400 643
419 161
44 159
224 967
116 93
562 582
376 770
768 702
384 183
598 20
6 786
278 599
872 610
854 950
234 371
822 400
862 881
258 515
671 149
730 755
767 572
537 462
298 871
47 153
233 842
713 624
204 381
958 850
6 463
262 869
618 703
945 549
506 629
288 28
587 900
242 736
16 989
798 382
685 539
744 233
377 896
958 698
947 524
638 517
806 497
517 866
384 610
350 973
730 454
462 991
605 762
472 859
364 793
367 38
238 774
349 631
887 111
82 786
467 608
375 443
468 783
75 423
79 402
609 341
911 828
203 507
886 860
961 11
636 883
984 212
838 723
311 625
666 608
614 874
465 801
144 807
665 398
683 595
563 9
911 579
805 204
37 338
365 709
386 74
895 117
763 719
667 405
1 578
783 810
274 806
810 884
758 838
687 462
895 427
223 946
918 246
352 57
672 269
478 681
335 800
230 62
968 403
42 768
871 771
699 114
244 285
656 335
968 113
842 662
224 705
579 345
444 990
263 378
485 166
147 293
220 693
693 370
696 714
175 380
440 392
459 420
538 577
777 783
764 169
51 558
34 800
661 389
241 236
941 917
446 13
673 95
378 463
51 607
177 808
968 525
96 856
479 207
416 320
234 954
308 421
346 784
240 307
441 968
541 241
374 162
986 800
143 277
682 57
833 179
253 546
195 954
640 605
945 690
950 830
97 632
761 465
812 827
959 548
231 461
913 148
752 188
382 587
438 681
7 41
65 331
84 209
549 905
491 49
424 246
939 713
562 260
376 271
509 461
739 356
517 812
374 665
981 431
14 606
330 339
439 471
280 580
740 794
335 230
743 165
965 123
309 967
664 746
844 808
738 295
922 174
67 557
818 335
845 426
505 696
552 447
36 272
446 42
756 635
141 587
286 421
149 64
187 245
292 241
923 697
67 331
965 302
720 623
426 470
391 788
582 553
569 638
183 406
872 713
125 163
417 106
474 109
594 906
976 807
812 437
981 602
673 793
622 356
588 396
733 597
204 389
411 741
600 918
894 600
294 3
720 171
886 728
208 991
733 26
583 536
713 874
19 89
133 161
502 832
263 802
56 466
283 205
472 130
680 615
379 831
184 374
730 205
613 739
248 681
190 780
47 141
35 717
472 49
715 95
678 33
386 865
350 54
776 41
761 493
145 14
331 295
64 250
156 650
930 929
93 353
648 370
334 629
157 569
502 447
31 959
362 258
474 888
867 471
335 85
487 446
36 86
314 848
984 712
178 259
758 910
427 608
470 710
235 463
182 202
789 338
721 516
847 204
443 526
124 605
250 768
328 74
561 44
871 843
344 404
654 791
219 224
812 123
831 425
44 374
617 981
33 356
180 765
788 269
972 625
565 323
217 624
327 527
988 715
405 541
209 244
427 189
780 767
534 970
369 494
77 949
835 217
575 27
650 174
890 555
15 112
973 460
845 792
209 881
623 380
792 546
316 928
692 59
911 987
680 579
874 793
754 479
902 645
338 586
890 239
526 49
557 255
855 703
273 189
421 333
761 378
779 887
819 857
231 362
322 642
72 753
515 945
899 46
907 464
796 958
948 737
476 226
991 717
818 53
430 215
692 750
107 454
816 478
300 839
466 91
568 931
715 532
2 985
650 605
44 316
101 445
248 95
157 635
89 340
736 244
992 110
955 82
166 991
372 192
785 759
91 360
595 168
23 659
923 865
395 264
771 693
441 186
375 961
980 741
413 164
297 359
513 30
572 575
65 663
63 164
465 221
485 274
893 245
132 483
722 511
261 129
48 722
525 800
623 869
916 419
647 333
25 710
890 732
123 231
820 775
472 941
199 330
325 145
311 908
77 810
494 939
548 869
451 669
886 947
411 971
673 412
527 41
962 275
877 84
588 9
807 873
84 472
212 277
783 192
188 143
952 836
401 66
208 805
227 496
389 545
504 587
670 690
585 742
213 173
368 138
60 304
444 87
691 462
306 80
218 644
166 428
409 361
942 317
303 781
520 885
328 454
382 153
244 858
546 860
405 447
263 683
864 470
992 155
702 986
918 247
136 811
73 368
719 969
788 342
438 475
223 851
480 717
711 958
516 980
519 55
479 522
850 906
215 28
863 912
993 626
171 474
523 129
927 931
767 672
593 313
475 864
169 717
86 922
914 749
53 67
649 324
51 606
270 252
535 816
759 278
744 85
639 876
195 671
759 427
175 721
318 809
565 250
469 213
513 599
976 279
706 416
66 771
881 70
398 834
863 10
921 791
867 79
248 765
69 497
352 884
536 654
921 640
64 159
543 897
325 808
363 109
878 572
221 327
111 754
341 25
318 919
871 269
653 986
824 851
434 912
878 943
939 857
615 776
477 484
357 744
92 11
382 181
723 500
849 832
954 218
432 256
913 727
182 380
737 11
477 304
760 340
10 549
581 25
103 218
914 827
755 731
223 913
153 27
137 958
146 820
201 295
202 584
756 55
352 181
323 776
928 782
876 760
346 415
897 5
651 18
487 942
401 787
12 735
765 199
414 223
197 725
519 168
834 666
292 596
697 146
823 726
76 377
369 449
151 649
261 217
523 314
781 786
232 71
553 373
53 167
294 147
832 609
995 482
873 962
239 224
549 795
694 720
238 844
811 404
66 69
952 30
695 830
627 668
847 855
97 860
735 96
209 587
892 328
469 233
550 130
354 871
568 477
566 696
981 255
969 735
252 973
165 962
903 852
170 616
597 975
653 877
78 236
988 857
571 748
465 724
669 471
376 300
808 121
558 837
466 485
853 663
603 812
451 816
175 597
645 763
544 853
818 225
966 297
185 740
496 931
478 727
210 113
215 384
586 788
281 79
2 869
832 700
262 973
417 442
92 252
590 871
520 131
385 132
828 680
836 227
379 520
188 113
36 491
461 98
820 671
859 947
898 589
81 23
10 29
394 188
33 468
768 97
437 122
77 35
379 300
996 207
797 490
55 542
817 638
366 451
650 220
191 188
291 872
659 358
518 479
635 871
641 916
859 383
364 823
751 837
518 366
42 63
151 627
479 6
798 654
353 39
823 574
195 395
373 688
618 407
873 728
32 104
285 634
212 551
435 21
600 224
18 496
869 620
193 219
505 217
550 57
791 801
944 856
709 616
377 407
216 19
235 977
715 459
365 590
972 506
222 233
259 97
279 98
544 209
81 762
486 926
41 825
593 772
580 724
505 420
738 178
560 758
444 257
407 655
951 370
239 588
684 591
888 338
478 421
671 851
158 674
819 740
887 983
135 150
249 649
858 793
768 513
767 843
647 765
186 154
22 268
941 90
672 817
141 658
997 328
254 229
951 129
129 74
828 588
526 554
281 311
963 335
954 22
721 769
759 969
704 625
399 728
267 853
696 577
732 881
552 549
607 961
846 139
439 627
409 516
160 910
752 1000
589 155
343 596
441 923
759 751
372 645
170 202
557 462
940 474
527 266
465 99
547 584
553 907
826 401
703 117
262 645
587 740
569 113
241 32
4 964
939 291
208 823
269 488
242 458
316 837
464 592
89 244
484 531
947 861
142 249
492 6
790 677
479 280
818 658
782 9
765 879
288 349
986 620
715 102
527 384
790 532
757 943
631 619
796 253
140 377
969 663
164 375
922 775
924 345
122 473
395 909
74 68
929 807
304 449
178 486
987 836
706 944
808 560
383 304
97 399
153 141
544 421
589 746
24 670
409 932
705 984
789 137
276 316
7 102
626 704
153 344
391 818
229 742
224 525
958 530
941 509
673 898
525 609
978 48
589 302
229 175
158 229
767 675
462 543
854 301
151 379
15 405
276 999
794 868
501 656
138 960
677 701
282 663
891 153
32 434
815 132
934 439
977 976
817 879
450 880
472 168
809 815
133 365
526 204
745 408
551 267
430 336
583 122
786 408
457 278
634 167
579 723
909 478
857 981
696 469
917 947
666 757
922 795
580 787
418 522
571 560
666 356
494 949
79 969
615 779
407 838
466 510
359 73
865 204
849 839
757 86
888 283
471 510
727 802
625 716
594 917
97 427
975 48
832 802
699 859
173 415
131 618
568 860
93 991
866 577
779 378
447 728
436 623
914 843
789 173
599 714
68 18
859 825
70 41
108 244
581 860
821 496
150 731
567 270
146 614
848 340
876 977
1000 175
854 734
