1000 9887
168 368
363 849
894 719
845 57
722 452
445 939
797 438
375 174
466 646
364 701
347 393
755 308
298 95
69 912
477 776
413 608
204 101
724 507
610 519
807 931
939 363
355 96
717 946
777 485
27 194
869 631
28 185
126 652
703 496
446 619
178 253
910 186
697 837
348 525
666 678
633 681
10 898
925 967
505 30
306 25
861 969
204 696
353 210
727 992
36 961
667 161
64 410
443 186
3 315
535 110
918 82
704 170
814 35
219 599
680 195
365 941
368 733
871 103
196 429
732 909
756 576
74 989
319 417
513 278
987 475
953 607
901 903
189 917
135 83
779 673
693 613
253 46
509 900
347 41
936 538
776 931
232 375
358 747
36 177
949 828
676 708
702 604
719 678
958 554
854 651
929 288
858 326
54 323
126 242
495 311
746 403
786 634
492 607
848 463
924 174
554 369
368 676
167 645
906 306
674 822
915 110
279 881
204 137
457 778
621 472
967 236
31 326
926 675
479 406
464 629
854 166
657 922
478 656
575 328
143 764
173 521
815 174
506 242
553 507
165 997
627 774
904 875
335 277
62 631
966 217
677 488
329 228
80 850
687 209
139 615
247 734
399 921
218 960
737 848
149 706
850 465
499 645
61 406
16 121
666 463
245 346
192 346
359 230
571 10
478 803
519 670
278 776
172 267
634 682
581 97
126 838
767 842
128 865
931 216
230 810
430 550
987 295
993 906
906 771
227 442
727 441
386 681
113 583
951 846
105 235
33 262
362 730
200 305
480 513
622 435
611 509
369 319
835 542
854 262
275 31
313 208
498 236
962 191
670 244
662 278
693 61
113 899
994 524
397 673
790 856
632 720
65 209
584 595
38 44
528 870
431 119
786 34
571 984
238 615
959 525
212 390
680 688
130 689
517 291
866 135
408 787
743 591
891 824
577 46
602 701
14 295
566 784
218 642
552 106
205 860
757 863
687 4
529 110
785 4
696 425
645 439
921 452
1000 895
257 988
296 870
209 111
534 251
2 8
24 624
352 77
137 823
969 477
234 33
515 218
662 31
849 516
686 145
192 469
343 778
487 678
115 207
802 773
505 899
378 817
755 228
270 646
55 320
186 401
538 682
120 405
765 123
68 989
772 979
313 18
544 971
851 526
393 938
16 425
485 308
694 936
613 8
618 670
102 519
15 404
377 929
707 108
307 970
659 161
473 502
971 339
204 66
591 886
136 226
247 60
428 890
268 999
655 213
973 402
12 890
249 456
925 303
118 872
15 219
937 353
22 589
574 110
186 823
997 168
999 743
434 221
496 110
60 359
813 863
505 144
674 691
624 874
495 587
776 159
409 474
83 687
283 433
677 65
222 166
867 303
136 653
670 846
35 385
376 122
282 106
563 919
487 407
335 838
978 354
745 629
429 26
893 533
586 111
789 458
19 950
528 419
731 125
340 762
16 208
399 759
864 500
41 675
428 571
28 943
324 22
18 83
895 497
119 755
745 288
448 730
162 456
272 520
633 411
335 551
48 47
231 598
570 428
590 43
627 814
890 961
730 694
328 670
4 601
211 843
30 397
750 284
915 841
789 864
464 477
45 982
156 291
964 410
795 668
741 200
658 279
802 348
18 335
848 2
226 682
136 158
51 301
976 358
260 39
910 409
922 555
830 144
743 689
106 694
716 62
613 871
801 623
416 715
933 122
571 750
439 278
900 260
539 76
353 209
999 894
362 257
568 684
643 58
330 227
461 587
170 904
466 483
984 348
53 989
810 843
600 283
451 363
567 169
292 921
244 507
97 295
462 105
215 371
732 159
327 853
8 915
448 342
976 585
522 461
44 121
570 465
358 327
831 426
443 509
634 984
581 831
506 891
54 209
972 620
594 442
997 15
279 960
780 619
15 302
971 684
309 13
256 183
573 956
647 469
820 959
806 638
935 94
901 346
467 874
958 752
730 940
753 325
333 785
781 645
764 67
379 39
752 571
881 409
535 890
419 944
904 208
83 811
726 3
907 935
697 755
218 282
825 306
226 801
639 695
329 568
677 252
421 104
173 759
410 737
408 782
839 70
697 729
365 443
170 699
317 194
602 678
192 779
662 564
754 557
800 333
812 47
606 113
255 109
370 969
636 696
70 178
148 664
828 10
448 838
32 645
179 982
679 989
79 49
318 859
944 742
504 93
909 856
322 978
785 458
76 377
480 454
570 9
96 22
149 20
405 122
194 767
656 456
896 359
182 68
686 340
357 226
858 569
219 384
936 759
997 70
233 957
345 539
953 340
261 381
68 777
159 594
20 244
99 661
523 247
997 180
564 489
551 221
225 931
725 538
377 900
503 92
915 238
864 710
646 130
852 659
869 347
622 125
643 664
644 359
739 803
617 387
468 779
820 32
146 115
57 948
920 630
485 804
624 752
673 241
502 169
175 125
847 559
761 426
409 509
247 927
585 628
838 358
416 755
145 459
168 309
829 97
979 332
869 864
987 809
201 972
532 934
424 173
163 28
546 1000
918 424
41 932
170 832
780 393
420 264
997 562
887 866
197 186
572 922
442 179
353 852
653 375
953 549
974 141
119 750
599 544
780 894
547 93
713 165
388 679
428 160
600 753
875 585
324 465
551 530
437 158
774 247
523 53
872 721
67 113
275 186
793 287
388 965
946 987
582 739
198 820
860 449
419 669
629 652
150 799
318 493
432 528
215 895
327 353
774 623
580 174
668 419
281 845
655 167
238 183
942 817
445 145
235 607
342 209
946 567
612 215
207 733
133 218
545 138
912 659
565 199
307 235
787 181
97 515
424 333
887 508
304 931
639 591
182 900
536 610
757 528
829 419
298 445
282 806
69 510
605 732
1 886
847 515
64 146
213 831
452 537
598 450
231 175
833 200
939 858
756 269
634 523
996 956
170 804
231 909
179 526
733 459
611 563
723 77
547 283
694 478
41 674
297 712
615 120
428 102
174 497
234 292
366 857
25 839
651 23
746 155
418 174
609 641
336 122
636 301
402 781
539 884
612 262
807 228
363 736
959 564
203 891
174 724
685 607
284 408
892 101
267 714
310 684
134 638
178 518
312 832
421 226
630 576
497 324
464 651
229 645
657 956
964 712
825 390
334 812
609 355
106 695
948 324
696 149
787 930
549 984
506 908
61 174
615 587
28 345
529 420
1 707
148 790
648 374
843 469
900 660
353 65
260 523
944 620
282 79
892 894
697 888
516 452
224 210
900 571
704 172
151 355
634 293
712 615
430 814
554 674
386 336
723 105
139 168
233 277
14 856
309 584
127 753
673 765
28 908
498 53
641 351
855 436
603 391
741 710
234 280
769 51
76 555
278 575
410 751
340 876
183 502
756 308
498 484
280 143
670 22
919 967
703 892
869 68
309 189
57 76
954 706
389 117
691 909
764 237
986 459
787 414
824 418
898 797
195 715
845 317
523 569
274 89
919 395
756 799
5 455
562 900
563 485
639 694
783 232
786 60
769 778
667 323
498 650
464 518
456 950
689 664
49 569
498 250
715 460
992 695
60 159
419 868
50 421
253 682
568 730
400 60
218 863
594 678
443 894
212 177
213 357
879 827
625 424
643 25
540 402
225 58
249 3
467 796
991 606
376 41
533 923
990 386
214 379
305 898
760 143
500 906
602 614
174 335
106 1
824 940
441 874
12 301
55 151
348 373
978 220
797 568
45 307
873 434
69 285
104 236
581 786
33 260
279 705
717 466
685 884
615 503
466 554
655 940
34 934
918 52
265 479
846 529
725 936
356 13
871 734
87 175
234 673
695 556
57 104
869 457
245 736
972 966
864 711
266 935
99 370
123 104
972 85
997 608
125 683
826 766
386 515
635 98
446 711
764 326
14 11
491 298
91 660
921 831
837 134
577 173
100 590
654 91
969 523
183 513
792 800
813 906
65 354
533 782
71 835
663 136
296 74
869 879
675 582
396 93
861 783
349 219
520 857
978 749
80 816
373 213
525 248
178 83
284 185
128 690
326 821
735 667
386 246
225 70
875 12
838 144
452 875
549 323
608 641
243 796
420 265
371 349
278 955
514 534
432 503
22 444
119 888
248 127
84 749
988 75
516 690
854 868
289 700
883 212
43 493
832 534
120 296
216 935
693 603
806 842
57 313
189 844
650 302
444 987
278 508
565 657
401 708
688 196
686 595
617 806
414 886
989 738
683 443
486 627
273 531
328 578
223 275
354 478
261 114
527 363
855 846
490 638
994 558
942 822
707 367
838 903
454 221
740 493
840 40
66 236
375 410
144 558
142 41
724 592
735 170
17 89
331 208
593 645
127 258
360 608
783 288
326 341
38 473
9 677
670 658
529 302
820 347
786 407
936 312
644 9
747 196
835 894
786 294
934 886
956 922
657 19
288 602
511 142
26 194
230 354
624 217
883 628
404 571
434 750
572 968
131 658
688 974
285 523
429 425
90 723
804 139
421 837
776 684
10 432
67 673
124 566
966 739
146 816
555 660
77 328
483 689
728 532
453 581
182 13
26 328
591 355
560 253
615 345
157 321
674 365
358 706
936 688
538 652
580 7
525 898
860 311
589 207
755 27
313 44
499 746
797 258
66 268
263 490
363 850
803 689
453 776
460 20
337 871
232 75
214 239
589 181
950 723
585 898
826 485
60 705
761 948
686 841
105 620
476 945
95 841
207 771
317 351
783 102
496 174
38 990
764 287
269 301
515 557
274 389
871 110
406 654
333 934
763 209
675 851
433 556
969 626
715 82
95 252
943 66
493 561
666 677
705 201
856 75
112 203
459 638
706 725
842 53
59 369
787 652
775 555
867 474
541 645
945 260
68 445
585 877
123 954
679 827
885 226
282 511
720 417
870 319
88 386
954 429
365 938
390 361
480 79
379 814
503 56
738 439
281 174
447 761
310 481
488 998
884 870
37 681
663 741
816 228
889 946
485 7
729 857
327 996
957 750
37 826
522 346
300 412
357 93
538 941
50 695
72 451
625 86
365 601
422 651
3 887
65 654
262 992
873 247
379 362
289 70
405 536
725 915
608 183
323 355
95 655
556 915
61 555
479 876
901 118
123 222
803 570
312 127
829 550
540 703
99 345
336 133
985 280
931 946
185 352
276 521
617 421
263 893
910 456
859 480
146 13
833 205
317 468
744 800
265 361
895 539
217 160
553 734
806 56
593 365
209 708
619 589
929 579
863 78
810 326
39 568
740 667
763 362
891 785
624 948
790 511
757 888
494 790
946 153
784 708
805 539
934 958
611 799
478 266
799 500
829 582
128 727
74 191
828 4
819 379
123 838
336 754
897 645
201 48
268 516
81 538
686 9
300 828
926 536
767 230
367 405
453 362
130 159
349 265
996 708
500 907
766 426
15 840
332 764
864 729
742 435
944 454
710 669
163 170
92 220
462 506
373 164
627 254
712 946
134 104
462 357
742 100
348 329
884 21
699 842
774 152
705 695
45 468
450 164
368 997
213 128
259 854
461 356
622 289
513 819
737 759
381 589
219 286
683 495
704 898
869 456
742 590
584 376
454 518
807 6
651 538
751 869
511 704
989 976
42 31
169 106
796 420
142 82
15 192
226 963
943 292
502 60
564 47
964 769
569 632
731 566
757 942
937 155
166 199
795 789
298 455
869 908
813 908
195 853
972 395
386 802
334 916
555 445
411 157
520 62
135 562
348 871
369 644
17 875
545 665
343 956
628 606
576 49
443 10
10 699
727 794
654 404
606 909
311 51
701 647
744 471
906 625
101 587
999 102
887 927
395 252
135 364
866 118
591 104
764 778
7 427
444 519
909 971
931 111
2 809
717 481
774 459
413 74
337 190
796 877
340 967
382 350
349 527
23 690
963 303
487 897
731 952
534 314
712 218
618 507
911 388
169 766
111 90
721 57
519 67
437 922
712 203
695 386
664 110
265 229
907 690
301 735
267 595
894 550
520 887
223 274
665 79
411 652
731 455
678 706
938 151
568 387
359 287
137 140
657 581
485 612
531 988
74 593
331 66
907 643
139 919
964 726
109 201
313 572
223 65
850 902
677 825
847 924
832 459
250 80
565 487
154 282
942 755
625 277
897 598
652 444
466 363
361 583
68 429
85 477
861 786
93 136
849 810
691 207
343 576
624 218
218 903
918 74
556 839
481 223
250 532
73 53
736 339
836 982
821 122
110 663
97 280
137 929
653 409
505 563
71 772
76 941
57 229
374 863
358 368
732 37
664 829
348 318
612 595
671 875
133 582
120 325
987 145
682 673
20 72
150 735
100 286
319 252
821 282
732 331
418 287
402 760
542 663
480 972
51 739
345 450
695 486
163 721
147 180
590 601
276 784
405 628
998 541
82 845
733 704
713 978
885 901
798 772
351 49
271 206
215 754
883 436
123 19
195 638
913 447
397 742
694 580
551 453
458 276
259 733
434 365
734 672
94 259
991 19
929 871
84 285
530 211
811 662
863 85
830 870
65 440
598 258
411 212
250 116
986 544
273 203
827 748
772 187
166 414
903 851
544 202
781 179
641 864
434 990
257 639
455 628
387 492
652 416
766 578
412 937
567 535
628 615
224 357
704 63
460 925
944 622
312 772
659 810
766 685
605 369
457 225
573 275
421 518
61 511
943 897
692 647
514 163
737 42
365 937
132 945
353 658
598 936
712 839
968 465
950 193
346 578
310 32
832 730
349 710
79 493
262 221
447 329
197 914
521 688
855 41
707 861
506 902
346 150
851 602
450 321
858 322
677 910
608 357
439 667
189 740
336 88
156 403
200 503
552 876
807 140
833 561
81 308
688 284
412 180
878 99
240 403
976 39
668 485
644 398
256 583
333 615
364 395
57 925
416 780
1 914
623 491
203 468
376 660
765 838
131 128
957 20
615 536
541 469
691 504
984 110
305 660
53 747
899 135
705 212
27 960
412 542
568 732
622 531
218 861
610 107
59 467
739 341
727 896
981 496
58 537
679 841
404 525
560 747
338 249
362 424
951 329
609 146
40 371
448 71
244 243
430 840
461 159
538 1
818 273
126 618
808 307
187 194
171 697
648 427
853 889
710 658
979 719
118 997
309 332
202 796
423 500
65 760
30 46
281 750
16 584
254 968
15 271
133 944
792 997
747 854
821 451
143 235
842 942
702 350
178 746
53 154
55 828
593 509
601 922
263 723
13 572
434 467
722 481
604 539
218 330
175 296
906 421
601 779
449 54
803 823
255 718
794 169
514 773
787 779
165 163
222 428
648 67
718 706
354 124
903 899
174 723
66 936
235 803
97 966
95 311
942 724
32 855
288 449
715 490
199 789
572 337
629 352
866 114
213 905
16 443
349 217
960 98
154 473
931 675
329 38
37 300
205 954
457 249
995 552
282 389
193 742
417 682
251 673
221 176
760 318
334 337
851 105
106 208
827 208
704 261
408 322
68 148
452 11
112 720
832 761
7 59
391 920
116 391
694 275
306 752
953 411
737 316
702 830
193 521
525 523
285 294
585 352
604 4
362 683
281 788
628 130
955 338
774 234
223 166
284 610
30 10
806 731
132 574
668 664
544 918
180 868
427 251
878 168
56 223
848 395
284 439
982 218
160 141
747 963
750 102
75 282
836 962
246 705
797 207
799 222
344 329
952 8
902 957
674 923
830 105
703 229
890 476
29 278
531 76
728 414
907 881
914 79
916 897
499 773
596 413
522 536
317 140
246 18
108 23
94 70
1 740
273 383
609 115
353 201
117 400
121 85
691 161
505 502
979 954
641 354
629 501
757 160
459 549
46 359
192 248
74 244
296 838
427 722
871 489
638 460
710 937
386 745
240 547
21 886
671 790
512 933
50 988
664 608
816 363
120 104
103 289
860 124
755 846
495 203
667 516
889 916
963 381
56 703
510 396
185 996
428 135
690 622
547 971
778 572
417 242
367 468
517 751
440 333
371 887
104 858
376 543
565 755
253 359
327 544
369 362
996 209
65 593
835 85
87 224
750 288
952 343
811 591
738 117
726 281
290 693
823 605
169 956
367 961
226 567
271 143
240 455
332 431
59 857
318 238
784 843
553 599
888 138
809 765
203 90
97 691
648 829
26 753
65 157
543 864
325 901
588 79
334 819
687 885
834 203
468 957
160 752
553 369
868 446
528 561
946 352
784 587
127 297
53 662
936 278
899 170
200 273
247 576
843 239
179 800
454 410
771 484
365 757
59 438
408 766
191 905
639 338
764 23
116 316
944 623
463 9
410 811
469 664
552 100
81 572
923 55
245 321
301 47
437 861
586 143
22 869
870 207
887 807
232 719
158 731
430 924
662 219
798 395
237 723
849 465
764 814
872 526
271 853
780 769
638 85
682 755
275 699
105 242
872 365
113 559
344 249
246 845
779 200
449 749
360 448
158 151
312 291
117 127
773 506
132 502
318 473
911 364
937 737
185 388
955 632
711 563
734 976
471 666
510 868
960 957
285 850
846 621
56 492
657 524
674 930
54 510
557 791
892 362
576 818
264 337
875 473
268 649
325 968
18 992
57 638
101 913
579 513
340 11
714 824
973 777
406 394
279 120
48 643
709 739
549 74
435 422
314 541
683 764
196 601
733 366
917 615
831 929
444 287
546 819
339 51
432 383
253 905
274 826
25 448
499 313
675 282
345 931
953 525
491 570
590 730
512 826
443 319
82 21
524 252
267 109
659 863
732 127
366 933
827 405
920 369
538 800
372 382
301 597
897 71
367 69
719 784
522 380
869 131
941 374
570 96
917 253
168 788
959 406
686 570
444 929
673 873
945 716
442 960
522 861
39 180
495 342
78 426
815 823
376 710
215 855
5 245
152 343
228 450
949 430
695 606
562 827
726 176
194 65
285 822
109 82
41 306
973 489
924 147
1000 281
599 275
802 608
401 170
222 258
375 288
359 671
341 496
991 147
421 8
948 934
939 455
709 933
170 435
490 621
551 497
805 402
720 793
966 175
821 600
224 448
496 293
792 850
740 520
207 700
680 979
573 120
751 918
631 678
302 86
953 990
933 272
760 464
761 121
12 31
857 526
16 90
111 563
628 719
331 851
723 623
193 662
325 369
586 874
684 696
885 329
45 114
637 760
653 371
567 237
839 648
110 616
349 668
222 666
262 253
745 335
780 890
943 670
140 665
474 383
720 635
77 306
426 506
797 537
385 375
684 109
152 102
890 950
119 520
358 692
713 395
197 762
73 548
238 494
884 420
816 908
446 219
764 818
968 855
676 616
91 152
256 371
315 190
670 74
270 340
403 117
361 327
221 464
617 321
765 713
233 584
786 974
626 17
294 249
151 576
542 275
545 29
964 577
969 520
164 733
881 421
221 924
661 623
435 228
428 774
855 937
130 588
683 888
674 605
644 101
619 535
670 657
675 983
364 170
944 870
869 831
433 377
236 492
679 562
573 43
904 808
412 583
822 970
325 162
533 653
922 916
995 758
800 504
692 574
53 964
77 71
313 846
743 221
528 402
359 212
197 9
913 712
850 841
420 296
205 558
121 295
818 327
766 401
24 808
342 686
234 145
471 220
145 896
206 894
168 575
564 873
139 110
747 469
716 924
127 575
920 169
225 547
11 168
909 719
604 233
493 422
778 154
64 798
642 637
919 959
6 508
780 723
220 512
264 890
816 775
394 485
962 224
548 853
934 378
830 537
294 229
657 551
4 160
299 659
795 945
243 876
595 327
947 874
356 896
469 242
92 883
753 15
136 481
834 200
985 76
144 924
240 53
1 854
588 814
554 874
807 524
278 314
625 311
734 83
40 123
666 723
867 334
128 618
84 108
925 882
951 758
387 383
157 845
895 53
573 273
708 786
31 197
111 619
438 201
841 986
549 489
236 916
591 34
391 323
940 794
153 504
968 467
940 937
438 769
559 561
584 131
987 334
368 798
500 711
29 887
50 690
509 783
497 847
828 901
154 756
342 337
60 694
898 759
811 186
134 173
816 852
357 316
164 928
55 933
575 178
731 400
470 100
204 48
814 215
643 675
26 675
745 662
501 451
178 550
929 870
877 104
329 594
365 148
496 855
655 581
428 974
206 140
325 550
244 650
833 115
942 591
744 690
139 814
766 819
341 332
382 568
916 954
442 757
350 26
448 14
191 718
374 966
56 506
40 543
818 971
966 762
109 578
738 18
645 550
5 903
482 980
676 332
418 588
109 723
499 651
729 510
452 883
918 112
996 880
1000 689
856 448
649 142
73 499
341 487
64 666
541 904
747 383
269 581
491 573
281 143
524 253
647 176
727 454
983 952
620 534
789 239
438 505
629 787
739 236
747 554
472 744
732 414
937 802
665 339
465 213
301 615
712 210
757 522
509 644
439 761
82 598
779 149
81 183
769 686
937 732
95 748
542 421
711 534
548 798
678 677
554 351
306 679
419 962
43 990
427 447
163 818
790 850
351 859
378 146
549 553
367 734
722 827
355 190
854 196
857 32
346 551
192 833
359 751
531 272
93 415
830 828
390 857
433 506
364 214
295 980
97 821
960 501
411 271
430 25
415 335
986 649
637 804
382 129
990 320
41 943
207 94
68 496
128 549
366 757
314 784
704 232
82 212
999 99
609 45
148 415
921 153
906 719
121 507
658 712
182 138
275 532
556 387
719 977
907 256
443 346
873 257
582 427
487 557
436 513
864 204
93 662
78 122
949 973
676 651
755 914
556 161
722 185
134 75
963 161
34 87
72 286
146 637
475 971
973 72
668 666
171 466
726 384
798 13
971 619
846 793
480 914
246 549
172 952
525 892
275 227
694 861
425 492
977 815
336 177
579 15
119 222
808 811
973 315
80 182
778 315
856 567
284 32
839 342
558 806
678 401
369 136
981 897
378 182
27 810
808 585
626 496
972 196
938 948
385 988
579 954
456 747
985 119
181 634
311 575
109 1000
234 640
165 982
447 904
649 298
876 14
348 727
631 788
524 754
62 561
139 596
875 206
678 367
2 196
75 902
157 813
294 612
939 849
14 551
93 54
495 902
480 165
867 563
761 20
62 787
763 738
163 440
115 915
131 662
286 310
894 171
810 992
885 300
103 291
556 359
371 91
98 929
121 512
589 489
958 678
760 937
413 243
422 611
557 220
975 637
924 737
836 405
716 579
418 282
24 189
388 934
872 321
469 66
341 898
967 594
532 93
906 211
440 429
600 310
902 187
501 716
845 387
261 82
512 176
221 846
555 114
701 700
666 68
526 913
105 737
307 861
748 601
956 630
631 180
498 528
744 968
193 70
602 426
877 20
217 39
354 179
706 412
752 322
181 606
765 784
14 374
217 362
37 63
48 378
407 925
356 891
566 978
787 547
809 718
683 658
262 305
746 514
249 42
468 268
418 553
623 916
628 610
28 628
88 279
785 343
700 622
871 15
641 344
93 907
187 74
813 402
407 577
398 191
414 359
497 659
461 824
888 28
559 579
819 942
401 981
383 983
404 168
137 595
431 849
547 24
909 609
824 755
634 287
437 160
922 476
779 125
992 489
12 612
863 835
535 319
881 544
275 411
521 407
869 79
651 788
800 586
67 221
289 203
622 800
204 418
81 297
246 621
781 814
897 139
105 419
927 752
25 889
703 89
265 435
565 24
436 172
269 508
566 626
933 853
936 342
57 930
38 266
311 758
517 423
740 304
317 65
959 534
270 974
305 569
741 371
957 17
795 186
192 917
86 493
503 555
808 319
667 100
869 886
302 367
115 213
986 690
515 952
862 1
442 468
207 212
467 123
269 785
273 470
383 439
535 26
888 747
457 527
615 840
943 817
703 121
783 728
370 677
775 664
978 292
779 733
642 79
590 681
297 762
852 364
894 227
269 580
607 666
373 90
641 446
897 980
438 500
397 223
498 291
465 42
391 966
751 316
163 831
738 697
134 108
524 476
418 211
882 268
427 3
129 925
773 476
404 273
461 352
543 742
671 773
608 499
403 91
186 585
80 60
69 960
512 201
398 418
916 283
919 708
423 821
545 119
359 955
296 499
673 427
268 585
415 778
677 483
34 615
626 461
60 491
901 235
670 552
564 43
218 619
147 685
921 770
995 913
400 945
692 151
711 85
878 702
867 171
135 665
706 375
544 134
691 473
529 470
252 781
880 46
705 181
933 397
440 13
188 843
170 842
927 304
197 19
220 212
19 931
296 764
23 891
119 966
135 861
706 827
642 83
326 968
538 96
999 55
528 86
710 866
749 776
559 635
455 874
200 118
224 876
140 148
263 223
231 555
20 944
251 754
180 702
769 495
608 177
974 979
811 884
8 615
371 781
512 439
752 780
452 458
256 373
647 283
504 409
527 374
195 761
562 871
742 761
835 297
674 889
514 962
803 839
436 356
754 171
442 985
39 265
429 685
449 23
568 91
458 335
21 895
613 757
348 586
576 790
446 740
194 325
69 599
416 823
611 492
250 92
527 810
550 121
858 766
58 779
961 158
249 156
363 462
496 323
170 524
27 909
637 854
553 69
754 766
919 114
672 693
586 7
711 684
721 484
193 711
876 444
715 930
111 593
37 606
407 572
849 13
461 787
33 628
486 174
751 406
326 583
137 566
45 229
124 674
56 578
736 36
543 120
168 688
960 592
813 224
551 556
437 252
341 528
693 299
52 421
287 606
436 772
902 41
355 684
484 8
643 939
826 383
847 983
388 822
209 279
686 739
893 293
276 899
171 223
85 381
765 747
125 524
455 159
683 184
649 504
856 532
289 505
735 356
259 705
357 38
262 171
105 881
235 718
769 800
334 822
598 189
377 273
52 831
916 928
198 240
36 747
791 901
313 830
154 257
155 175
374 465
47 501
969 343
877 454
329 240
114 947
502 437
88 361
417 885
382 847
572 434
404 629
885 124
226 459
597 808
305 984
19 874
131 868
903 386
335 204
736 371
511 399
519 690
558 44
954 926
642 27
422 851
818 504
551 754
58 69
243 67
766 886
626 512
312 456
851 497
182 617
765 75
516 917
268 392
390 961
998 467
663 218
208 151
81 415
601 736
546 35
15 420
697 181
529 63
722 416
393 116
341 790
507 114
753 382
471 663
511 602
826 386
51 973
223 342
189 450
523 430
542 478
195 941
693 82
197 419
75 295
536 787
419 953
574 975
497 393
189 307
779 540
502 954
910 461
824 14
751 701
592 218
952 381
647 918
905 243
23 982
599 505
655 443
469 148
200 951
644 168
781 497
527 253
137 460
880 436
308 645
627 865
683 979
832 311
317 177
572 329
22 878
903 691
190 560
527 915
161 798
737 767
95 509
504 134
106 966
782 711
651 154
168 189
225 60
888 748
740 885
210 808
65 927
198 760
896 673
496 617
334 377
7 301
49 392
359 853
475 293
437 364
724 816
926 684
548 102
953 530
71 827
918 848
442 9
337 341
618 238
410 555
858 657
324 85
842 534
400 525
21 83
243 95
689 393
194 617
113 3
583 159
141 794
534 275
629 927
759 960
150 552
523 14
672 597
765 111
603 380
474 440
772 999
864 768
629 512
99 525
171 488
928 557
210 925
379 269
87 52
536 34
539 901
404 274
812 375
916 437
683 482
651 640
413 333
753 282
381 569
165 508
301 77
910 171
100 135
122 955
565 123
401 270
536 879
784 169
26 645
632 728
246 360
14 98
271 369
298 305
820 478
184 312
95 162
888 844
80 633
744 656
504 647
333 471
421 390
23 438
351 837
191 748
61 855
201 868
454 86
438 587
208 757
814 278
778 808
14 734
161 826
914 408
29 579
222 861
403 869
121 46
20 222
32 67
258 7
466 418
33 781
822 527
970 786
369 867
950 245
944 697
525 468
158 647
534 98
771 876
242 524
477 339
922 192
907 156
874 217
175 668
834 239
966 761
110 623
306 721
718 366
323 994
716 891
163 845
77 303
885 616
976 935
10 430
907 459
402 657
561 844
502 550
157 153
549 883
507 476
769 287
772 618
789 852
224 570
650 10
997 209
229 807
569 442
127 557
989 877
678 217
901 411
613 897
225 960
786 973
91 955
809 628
369 61
523 502
863 907
393 285
364 84
17 665
18 242
208 780
652 885
320 502
908 719
29 274
527 23
530 345
144 548
145 253
829 331
208 667
710 781
29 387
485 833
821 999
316 948
915 350
420 768
834 274
66 904
51 100
89 473
58 776
700 335
830 990
541 409
388 862
801 564
913 18
3 22
847 697
773 550
320 925
226 181
154 406
176 578
972 461
805 149
339 789
482 922
508 670
537 760
336 791
221 366
672 549
13 339
842 253
809 396
993 127
666 15
304 196
175 707
220 40
112 609
441 429
495 870
138 375
984 533
435 863
55 414
719 951
371 93
430 614
694 243
881 984
988 980
384 997
167 849
336 339
45 373
286 97
822 87
513 908
720 489
629 599
522 307
371 891
299 657
829 826
647 489
561 872
241 363
11 395
693 347
753 448
402 772
60 872
632 451
794 990
212 915
32 265
341 881
894 583
570 889
898 816
904 429
759 351
834 704
946 728
998 737
527 341
858 60
752 535
790 937
682 238
96 895
903 532
511 647
277 955
444 686
857 237
89 27
623 466
648 176
625 991
703 362
636 863
456 897
114 593
411 171
415 739
752 211
456 528
754 513
863 225
296 121
259 15
120 605
260 611
524 656
11 559
571 599
74 133
949 71
443 984
54 754
1 486
419 83
334 354
3 417
399 723
77 405
791 441
280 841
555 55
822 273
110 551
55 482
276 509
817 183
932 704
628 87
988 815
725 812
38 759
696 542
629 391
401 646
21 641
397 978
307 798
753 492
96 573
133 1000
9 218
412 177
473 389
94 567
185 505
521 375
543 546
320 446
33 189
824 160
82 821
789 622
868 233
569 204
860 853
865 869
223 119
99 61
545 843
89 119
629 176
611 470
830 180
856 271
126 721
607 34
240 84
75 388
577 75
634 140
602 686
1 695
808 289
44 755
942 300
411 292
892 699
821 753
843 281
849 996
991 673
79 795
852 596
73 150
252 735
457 55
844 901
168 190
666 421
334 719
953 823
550 755
383 262
295 736
533 211
250 585
92 436
510 159
941 63
859 602
309 693
186 160
998 143
334 24
949 581
885 403
708 508
376 893
229 761
953 499
937 918
712 947
756 480
176 180
565 646
190 806
312 340
252 246
287 529
114 243
790 604
150 779
411 521
67 187
786 599
659 287
399 24
242 143
156 815
503 84
74 980
660 947
57 226
668 454
855 784
365 228
271 740
998 824
531 55
203 102
73 46
126 866
330 879
393 779
478 63
481 265
65 458
230 908
423 544
661 922
544 790
117 278
899 180
412 712
161 840
382 938
169 453
50 64
650 869
171 439
421 743
338 327
174 33
337 67
468 326
491 879
753 528
993 481
5 777
407 677
339 211
68 499
639 100
510 40
810 888
783 462
98 553
907 159
783 988
955 139
423 262
560 200
229 499
985 877
196 140
949 970
641 9
453 763
807 412
977 497
560 167
90 826
966 811
792 222
829 789
556 51
815 870
691 812
821 433
399 207
420 723
648 601
24 211
315 980
688 143
879 220
668 443
369 646
213 274
391 534
490 525
703 147
7 664
378 322
394 559
839 339
531 994
95 995
721 432
460 30
195 537
364 418
660 693
517 108
791 669
423 569
247 853
503 463
363 312
792 660
244 717
668 127
139 473
283 27
472 464
145 30
929 97
682 335
222 28
563 192
670 804
178 94
822 863
288 482
329 218
573 39
630 56
614 669
351 969
743 507
191 912
508 808
314 721
187 325
540 327
482 923
896 763
25 795
145 713
671 672
405 375
170 812
284 422
432 315
766 266
684 521
15 793
367 298
645 942
685 241
279 608
84 811
860 529
324 31
221 797
936 921
776 802
137 564
943 702
508 323
471 73
205 413
157 346
458 971
58 129
486 100
993 570
557 217
461 196
834 638
815 543
324 332
362 539
27 614
204 298
636 293
394 286
901 365
330 496
752 697
830 300
831 125
523 388
74 545
260 113
512 179
933 557
790 942
238 859
868 246
895 744
907 946
195 612
342 245
513 543
848 138
207 719
126 811
933 783
130 936
705 928
668 44
299 595
514 710
911 888
695 977
934 171
297 182
761 505
706 266
164 290
795 64
64 246
39 883
153 896
939 801
597 837
601 258
784 597
192 217
196 753
934 631
535 504
248 224
84 846
854 184
906 853
67 757
12 178
654 705
569 859
35 19
534 43
224 968
872 996
10 351
233 174
875 747
405 185
133 722
823 75
497 609
762 814
662 325
51 950
413 803
615 378
581 806
686 921
140 556
436 875
283 112
521 523
225 700
281 578
661 148
621 906
713 583
916 44
994 796
635 530
484 46
621 539
175 100
806 631
310 614
727 442
336 237
285 740
427 198
929 24
622 255
15 471
473 388
626 194
808 580
403 433
8 287
102 843
86 72
865 779
193 333
955 861
6 925
561 140
431 500
714 752
198 417
381 885
330 761
752 130
61 887
812 977
356 597
764 314
982 481
621 95
605 890
911 815
201 620
644 170
402 301
222 442
829 370
208 612
192 889
31 720
30 829
464 761
183 565
476 545
882 540
810 321
283 463
465 816
505 87
550 391
352 750
44 748
649 982
193 498
636 578
515 957
202 96
896 140
387 462
139 401
589 921
770 789
865 145
97 15
676 395
50 191
756 262
455 884
757 20
940 724
211 496
968 277
491 928
352 42
559 755
780 252
34 506
14 828
813 4
629 539
233 138
175 875
803 50
396 580
128 234
93 654
663 518
79 463
865 265
383 317
585 334
774 256
958 637
315 749
689 280
564 732
86 680
893 24
31 977
547 791
254 605
242 15
115 313
51 545
678 590
794 918
692 350
256 394
901 54
262 624
467 766
810 112
151 936
735 836
567 629
686 701
17 332
441 604
355 162
280 560
364 400
147 686
277 867
188 258
355 830
736 770
824 370
577 86
779 830
744 545
785 97
970 175
559 83
746 566
728 85
397 573
911 598
605 376
349 211
166 703
260 548
135 952
573 228
26 25
265 982
746 744
28 703
676 211
581 276
278 947
542 668
465 728
324 149
383 650
167 585
690 354
591 230
357 927
496 885
851 333
393 613
289 692
358 168
127 518
510 410
737 310
258 585
387 887
580 132
466 996
584 223
432 860
31 332
447 388
793 373
134 79
343 223
730 42
133 781
315 614
209 159
172 805
836 460
536 502
953 232
36 859
932 436
708 774
696 838
937 572
422 436
481 872
768 590
583 555
363 652
380 294
493 1
612 73
388 115
246 731
449 71
910 280
493 914
222 336
223 57
444 638
17 296
19 294
494 516
242 485
138 696
511 963
95 128
939 550
281 193
819 252
198 139
677 498
284 800
420 145
611 126
853 421
434 53
397 191
218 876
573 38
576 886
887 650
231 166
225 9
558 821
631 641
409 194
897 927
710 16
303 666
738 329
49 436
657 309
897 710
400 794
572 960
439 91
975 5
391 212
430 906
470 695
987 603
514 73
720 830
629 130
885 296
64 710
548 184
181 433
474 685
111 816
556 355
149 83
371 95
617 859
546 457
68 5
486 316
306 654
79 391
318 709
746 128
175 912
193 203
756 473
573 829
704 692
531 378
86 512
988 756
259 774
546 26
855 4
893 177
843 580
203 997
868 913
464 471
483 373
531 803
453 897
759 166
446 474
32 378
105 596
68 616
626 46
902 985
618 922
713 998
133 455
815 441
48 835
126 737
293 431
459 955
479 308
28 140
356 513
984 234
30 966
640 566
863 82
298 390
616 405
382 912
700 365
259 113
667 412
761 361
616 548
201 802
3 116
350 349
141 23
31 930
433 151
453 92
628 622
899 78
153 816
170 894
637 1000
84 984
124 797
962 364
823 311
152 62
595 460
945 141
192 60
438 194
224 90
560 548
466 251
448 530
766 438
270 955
360 472
334 2
524 214
249 618
110 549
213 651
43 412
776 991
318 737
580 220
357 69
660 212
191 6
803 708
474 45
290 497
608 380
152 466
29 916
983 471
128 331
919 847
704 958
835 196
928 482
734 986
717 152
422 508
644 814
565 100
942 426
731 260
74 513
354 369
229 607
530 268
298 984
94 343
166 64
26 735
834 182
981 69
30 915
269 329
472 107
399 497
56 362
420 971
60 434
153 720
133 426
867 450
30 275
238 705
26 46
118 107
999 950
356 692
985 220
329 256
836 531
919 209
334 563
231 647
975 166
430 6
379 984
60 7
339 72
505 432
13 439
306 131
318 69
456 748
115 561
443 998
316 360
905 797
303 594
533 561
667 823
546 700
693 827
949 673
676 47
171 948
694 415
362 924
399 561
55 83
297 783
67 353
970 558
811 622
663 513
875 615
479 210
38 701
2 639
320 946
907 416
820 583
893 23
222 592
429 79
394 324
640 148
845 101
313 108
632 398
685 764
148 492
216 609
547 743
622 297
172 608
831 873
772 663
539 676
479 217
913 495
18 141
181 847
554 491
981 1000
913 376
369 880
665 771
857 43
701 362
630 304
813 880
11 947
246 9
49 963
800 133
787 897
913 389
250 183
783 501
383 113
630 210
580 803
280 839
430 34
892 729
199 675
629 282
123 909
143 872
261 993
705 427
465 590
943 977
374 771
490 43
474 948
874 181
582 130
190 893
514 98
920 437
993 193
645 840
667 896
962 816
873 379
653 465
406 531
241 705
10 276
410 522
837 353
513 171
702 801
867 982
963 279
819 795
915 600
788 458
617 622
404 467
152 108
889 739
58 109
252 165
253 348
698 59
312 370
295 91
764 840
581 654
307 569
125 770
293 630
111 211
699 146
209 303
600 904
251 980
68 742
517 807
475 748
326 411
817 697
659 170
458 617
366 374
961 342
815 567
337 540
433 861
843 790
437 713
259 745
463 585
30 600
880 273
421 69
596 565
8 54
448 429
85 40
514 623
986 933
772 56
481 610
558 745
562 724
265 570
36 125
359 270
254 946
406 292
922 764
830 989
931 614
131 110
313 919
657 10
469 540
73 195
990 150
221 124
793 875
5 875
638 503
585 201
912 119
417 591
71 734
827 132
794 71
851 10
672 919
858 818
876 463
862 654
405 87
903 184
615 114
585 43
534 508
167 765
480 375
580 362
799 8
589 484
275 676
292 590
99 872
561 131
745 190
30 222
343 13
864 860
918 633
625 208
685 802
190 384
634 826
397 858
916 10
384 875
97 131
976 789
206 686
677 867
698 334
647 379
636 406
693 201
161 488
660 902
399 82
935 60
425 307
392 132
492 269
455 155
510 962
259 692
536 19
317 342
82 829
892 238
38 16
646 40
429 653
48 836
88 817
565 289
914 27
808 554
611 447
614 962
613 533
778 570
761 723
644 71
847 632
558 517
647 844
909 357
605 566
221 269
147 598
23 507
230 549
144 176
573 73
176 609
645 605
493 93
942 497
710 125
213 571
287 196
973 339
862 328
679 818
224 236
631 533
745 606
597 677
783 880
989 91
183 4
368 735
872 855
641 292
148 348
296 583
225 359
673 651
782 351
819 949
698 814
160 664
920 284
873 476
505 832
239 243
646 849
47 993
189 794
101 706
85 729
260 436
177 678
185 179
168 831
794 543
119 462
779 193
121 769
105 132
358 630
453 834
648 644
152 467
206 650
134 167
309 131
898 864
403 66
521 491
928 483
814 902
488 314
420 647
170 106
299 258
893 438
363 599
949 452
458 417
739 816
186 912
516 559
928 193
514 902
536 902
856 601
958 509
482 426
925 748
731 549
790 682
33 619
341 117
800 122
468 984
17 384
398 775
827 659
331 352
190 677
140 330
567 685
951 562
292 413
840 661
568 740
112 224
403 845
867 400
597 871
527 524
328 472
442 320
463 490
692 764
452 889
720 985
205 363
499 318
73 259
837 106
968 279
396 352
950 879
614 137
352 44
867 735
619 430
366 573
21 238
996 604
559 610
176 73
659 868
883 194
521 843
983 807
814 864
471 115
798 293
114 736
261 465
512 305
821 297
881 630
702 612
172 835
177 595
52 409
16 735
290 274
495 351
446 177
618 686
217 719
713 754
401 496
680 388
185 425
95 746
702 326
959 125
561 518
233 597
87 278
807 57
114 464
5 15
243 524
928 382
657 592
969 838
713 812
200 761
19 159
544 334
262 513
194 459
692 126
604 6
509 52
455 496
368 474
207 669
229 707
929 757
753 969
815 969
481 270
609 376
585 656
473 930
277 730
184 427
877 315
350 504
500 397
445 284
526 2
980 307
587 223
861 916
442 514
424 9
835 797
305 826
753 644
383 449
370 992
97 184
903 544
575 967
502 497
912 253
508 886
399 961
75 609
3 220
791 175
266 566
512 802
231 98
823 382
435 681
646 989
343 195
225 205
816 488
980 331
620 850
556 490
280 789
836 778
861 457
704 396
988 972
515 484
903 117
89 391
824 688
611 34
551 519
854 693
262 22
708 98
66 602
489 300
915 968
935 309
78 286
449 686
555 366
872 506
798 902
507 65
241 157
574 681
591 725
830 311
647 679
707 456
195 764
18 351
200 646
754 85
55 792
911 67
199 173
430 113
206 760
5 500
338 851
411 933
985 456
930 603
40 985
333 952
748 793
446 817
87 649
532 618
424 455
652 599
523 857
283 28
195 824
568 446
343 885
883 800
334 616
316 51
500 272
637 849
823 444
420 113
580 663
84 966
356 931
508 666
127 992
93 48
580 550
46 126
415 79
935 772
408 311
944 345
103 200
747 43
7 390
362 981
400 570
55 410
663 731
152 171
615 194
413 860
915 518
272 516
348 311
24 485
334 198
615 339
450 451
513 39
627 129
864 861
276 59
902 403
907 491
357 432
740 26
312 271
542 197
194 847
765 388
622 375
329 972
55 606
316 734
768 177
492 511
919 666
318 7
854 437
640 379
930 494
915 51
208 861
818 367
536 939
241 879
762 644
249 496
726 98
913 327
622 947
142 103
313 464
919 489
340 136
801 394
790 638
98 70
852 803
912 392
160 365
839 231
307 494
499 918
320 99
468 820
992 533
130 508
23 107
705 368
482 971
771 125
101 680
671 732
619 167
123 948
327 19
516 463
993 46
220 463
596 125
893 717
503 897
842 285
130 177
614 361
63 765
110 696
58 479
756 234
866 630
831 760
997 704
619 338
146 778
537 107
414 11
487 627
937 958
308 879
548 444
497 524
128 47
682 650
310 859
600 803
162 194
950 363
788 114
88 932
683 364
24 159
171 16
63 6
856 808
85 570
470 12
56 816
683 509
522 53
48 692
837 892
965 579
769 756
138 909
488 330
754 157
863 269
497 396
373 529
501 460
636 153
948 13
859 506
381 882
420 614
98 827
320 306
728 431
18 73
97 477
921 808
910 240
37 76
231 629
853 490
307 458
202 28
754 545
667 122
193 503
981 278
966 202
438 531
455 595
546 50
187 273
459 532
947 789
409 271
891 521
361 439
2 134
539 172
306 272
534 232
607 482
974 995
978 286
839 527
628 354
420 367
776 671
440 890
83 175
568 801
238 512
567 54
976 802
29 675
340 719
177 368
437 142
239 22
88 167
427 1000
279 907
90 802
751 171
73 560
212 796
653 978
792 916
251 861
397 865
489 704
254 576
43 41
525 849
593 91
556 873
117 813
790 940
997 265
265 64
801 118
768 377
628 526
635 785
507 130
205 971
290 612
754 129
587 736
970 5
484 690
88 891
956 564
243 813
696 683
930 679
777 296
247 994
301 718
161 979
400 373
787 899
645 353
40 473
558 941
10 847
338 432
839 828
40 58
519 834
99 731
799 466
875 104
434 878
879 864
880 770
623 970
956 239
33 768
654 610
567 967
554 734
280 743
922 90
391 237
211 285
561 602
295 757
404 776
7 413
104 570
50 896
306 534
10 615
530 669
585 414
200 124
145 813
702 807
189 976
225 543
98 775
966 924
879 405
203 668
872 733
676 513
879 506
976 811
793 491
928 590
581 652
674 62
967 615
952 324
811 251
464 494
707 58
783 49
102 560
565 952
664 322
385 666
722 613
576 484
246 687
63 431
378 479
695 709
436 243
60 679
995 324
119 68
670 364
48 971
781 335
881 93
865 816
352 877
759 404
825 559
790 736
597 218
249 324
51 250
514 766
420 781
496 411
829 439
411 966
777 324
340 228
390 828
853 418
53 810
169 293
886 986
413 977
862 451
131 993
978 708
984 333
753 560
537 707
495 911
41 908
940 188
818 236
508 522
914 667
44 182
645 793
374 907
803 145
474 569
771 847
847 248
211 282
287 913
660 477
970 533
558 493
183 369
594 139
978 155
158 17
90 875
788 488
628 239
261 296
264 516
617 122
779 167
447 61
608 339
954 835
441 108
205 251
744 371
506 586
436 945
309 173
592 839
403 40
186 664
412 170
547 673
109 496
551 153
384 651
770 584
873 947
303 432
584 698
432 647
118 497
320 440
82 827
90 350
787 108
237 477
240 335
661 651
649 115
373 685
429 651
502 963
242 64
887 468
653 700
302 474
537 867
648 4
777 352
230 584
411 174
632 190
700 360
350 433
634 228
136 711
356 866
361 920
493 571
731 790
970 226
349 231
829 189
339 945
527 554
435 450
420 406
874 241
791 97
280 513
155 804
562 427
240 745
496 579
466 103
585 235
549 256
291 16
738 475
444 594
193 854
37 717
944 469
411 303
638 243
988 760
806 943
571 22
663 766
64 63
671 19
140 601
859 787
879 348
826 72
738 684
760 972
669 494
851 503
435 421
251 707
620 712
732 434
784 792
853 613
910 923
488 30
822 167
851 725
143 153
426 218
114 91
868 944
912 922
493 53
848 76
21 622
543 553
674 840
267 738
368 289
938 85
425 190
501 459
590 207
303 197
160 61
235 531
87 594
790 825
496 719
960 596
88 783
431 97
957 185
250 47
89 491
398 773
438 758
95 197
562 666
65 402
943 107
358 88
877 275
517 322
403 990
667 125
710 189
718 856
790 357
44 639
282 4
581 416
504 140
809 301
295 671
701 888
922 71
120 971
124 915
141 417
514 157
932 444
699 411
629 214
746 914
325 277
418 921
71 817
918 874
81 817
31 455
327 812
438 463
59 774
98 864
335 637
12 432
767 606
845 768
980 301
907 421
690 559
540 745
930 30
107 899
346 201
509 811
510 604
759 591
25 948
985 566
693 365
826 334
462 530
138 844
584 276
12 869
52 266
694 841
252 465
293 689
169 995
649 425
777 252
778 271
946 669
804 771
380 397
381 676
739 814
384 866
165 216
661 707
868 281
320 287
874 986
156 909
178 853
144 589
416 802
518 615
23 351
392 846
448 499
990 927
580 522
233 454
526 29
107 231
938 653
120 666
887 674
250 293
322 758
514 428
625 503
598 546
875 107
987 853
918 421
296 852
64 464
505 706
141 372
625 721
844 821
387 716
194 274
433 746
561 442
931 24
658 704
533 820
132 883
33 722
529 565
893 985
827 456
497 557
199 102
659 641
898 405
257 283
135 286
176 341
72 262
962 499
376 636
323 151
198 801
297 440
91 147
828 820
427 245
485 439
382 363
725 802
623 296
979 325
341 200
865 966
350 926
367 548
316 538
99 410
455 65
38 235
866 488
260 49
446 284
433 675
198 493
550 150
507 621
829 325
298 287
616 302
528 944
655 505
532 628
922 584
304 815
726 806
937 13
791 894
153 574
993 540
763 303
781 132
452 526
784 674
457 400
701 109
633 783
546 942
225 13
244 799
468 359
454 98
196 907
145 716
775 584
266 552
463 245
162 157
22 485
173 7
638 325
450 330
625 846
332 680
137 942
87 3
158 884
34 318
452 81
456 148
111 828
388 761
204 666
158 903
586 962
770 285
510 442
612 582
693 387
125 193
917 203
24 22
459 626
104 836
251 663
243 257
641 153
592 681
516 136
258 843
337 962
492 618
399 46
540 568
449 313
894 585
661 424
26 805
851 790
807 891
33 171
734 909
860 728
82 824
428 844
692 385
506 412
334 648
401 216
395 993
496 218
385 903
544 392
198 457
808 557
482 116
601 250
140 466
581 543
52 774
532 520
183 556
735 69
147 746
204 969
795 214
304 715
105 916
58 822
493 549
277 520
630 238
959 728
305 759
602 583
731 873
170 863
944 906
451 682
839 775
878 859
311 174
465 634
672 744
106 892
822 606
714 127
755 617
810 682
705 400
73 478
899 336
687 401
139 167
785 617
441 467
717 133
11 993
175 850
436 594
309 716
556 323
573 635
278 601
840 22
988 950
195 918
318 741
274 778
659 555
399 364
301 8
78 293
277 153
119 459
154 765
945 734
539 958
737 47
443 210
302 968
255 872
83 230
238 30
740 228
322 13
413 354
587 539
75 335
293 668
61 656
796 334
657 617
751 853
865 782
350 854
562 806
195 583
967 221
184 180
229 684
326 382
237 337
274 477
249 259
568 393
109 791
226 21
139 694
467 293
982 708
179 153
491 91
330 87
235 413
503 720
206 197
329 149
776 844
847 383
313 972
136 627
212 198
814 772
676 373
680 112
828 24
685 385
776 419
818 34
927 324
533 573
766 29
279 449
852 261
107 326
365 898
774 584
951 771
44 301
891 988
231 857
904 97
646 534
77 883
95 639
376 788
470 610
170 522
36 424
55 476
353 548
318 566
465 34
836 55
374 837
401 826
916 239
276 14
113 900
25 778
675 8
750 644
187 555
523 148
301 606
86 796
967 637
876 982
238 75
720 326
907 642
323 331
803 629
475 644
498 799
971 836
100 63
194 36
195 261
451 968
803 962
643 889
436 25
882 409
42 112
299 355
972 111
624 832
218 337
991 190
761 745
90 279
998 909
123 325
86 331
715 185
643 420
200 986
611 504
259 431
423 736
116 633
653 707
250 64
982 369
161 977
992 753
700 674
639 493
687 932
959 643
487 130
201 877
535 336
425 853
637 842
545 548
909 59
878 928
773 604
317 944
251 540
767 424
549 229
110 933
182 502
33 850
331 460
41 918
870 931
687 363
157 780
893 514
505 705
692 723
24 639
206 363
462 145
909 878
659 935
931 906
898 193
352 754
846 315
228 630
817 23
249 182
969 172
932 288
58 405
916 4
371 70
44 160
64 622
999 376
272 433
401 917
765 155
604 31
372 459
580 16
945 661
530 893
332 841
659 469
356 71
927 914
364 570
223 497
205 166
68 837
565 902
214 220
54 437
648 558
760 594
815 578
708 914
710 812
659 174
961 298
707 346
393 262
697 464
65 142
861 837
606 511
202 450
123 353
181 577
277 500
998 539
763 177
838 301
232 70
89 290
512 291
776 323
148 913
118 87
869 805
984 49
287 462
311 468
631 751
689 556
373 11
871 316
322 731
827 954
365 663
956 30
649 610
213 547
16 33
477 238
371 407
170 132
892 76
36 179
384 436
888 410
120 4
945 245
448 523
898 122
3 284
935 918
681 563
314 940
411 41
728 626
927 272
832 996
451 491
205 262
558 506
724 998
599 730
789 538
430 617
110 509
491 653
629 943
868 553
707 877
728 821
270 621
959 323
363 944
324 330
474 123
868 783
996 196
191 58
485 345
656 955
471 282
552 892
592 825
954 816
425 422
686 73
194 253
509 564
468 627
164 660
720 44
243 713
707 310
247 17
566 623
844 69
882 784
744 817
853 241
238 959
477 669
778 550
583 953
715 65
207 421
448 577
530 86
236 443
454 6
37 38
274 664
848 573
297 201
818 989
305 758
235 117
697 936
330 131
370 980
829 187
98 423
226 336
444 159
219 782
175 281
436 312
439 404
520 830
79 957
10 660
653 126
909 212
692 740
935 852
828 484
611 972
280 690
170 778
135 780
177 30
305 33
288 849
257 134
990 400
495 786
240 174
150 331
64 648
111 451
750 796
676 903
556 348
879 632
483 843
103 384
234 251
110 558
366 916
868 288
349 730
184 283
428 207
675 214
513 151
128 179
360 444
875 527
458 899
920 62
208 240
81 635
617 84
118 228
57 566
548 526
953 186
755 194
350 682
367 776
668 731
831 185
670 121
177 900
585 753
185 401
734 991
114 424
830 498
83 843
29 177
40 630
935 173
169 790
521 201
939 310
212 668
979 652
147 811
759 94
670 565
577 117
268 557
87 733
297 953
722 988
424 721
496 421
796 234
670 727
340 30
967 403
273 163
990 48
493 520
469 623
911 632
154 689
532 771
883 797
205 825
101 888
796 904
766 618
602 971
306 188
996 235
978 650
5 798
193 534
88 508
591 174
408 451
779 724
546 697
931 913
535 243
947 177
577 569
906 721
62 931
215 439
141 560
839 665
953 538
537 475
441 494
996 600
702 782
582 655
480 307
443 441
779 3
103 499
841 734
860 174
256 68
992 350
77 148
150 544
299 166
470 845
788 418
555 489
393 958
824 388
792 84
389 458
532 30
919 878
501 651
69 951
983 359
94 538
55 816
591 866
613 998
401 38
490 815
381 674
55 577
313 450
172 643
969 987
566 599
346 698
311 700
847 798
811 348
299 512
653 625
545 872
958 788
843 500
717 618
352 930
44 936
189 49
83 562
302 272
662 624
126 583
531 395
810 446
926 820
307 344
679 656
244 773
328 504
553 225
292 147
921 325
614 458
639 109
549 373
770 98
700 231
650 924
392 996
500 77
762 408
830 466
323 716
768 591
287 41
344 753
788 514
771 852
684 691
158 798
529 922
439 22
546 447
619 287
927 238
949 930
399 385
150 605
903 113
120 310
730 563
432 850
710 517
859 861
785 850
410 809
929 271
893 54
989 579
370 21
726 414
102 676
30 385
440 144
200 428
834 823
174 266
160 810
638 303
533 359
510 153
904 441
428 731
695 804
517 196
965 224
961 474
504 667
891 25
696 25
227 889
666 945
350 190
353 394
795 863
498 629
400 518
950 781
790 598
577 155
189 85
317 128
312 842
549 981
717 671
26 306
249 171
748 59
594 721
282 203
16 403
491 179
139 939
575 999
943 771
473 717
737 936
576 106
939 984
979 87
762 333
233 409
429 398
970 435
978 485
906 518
552 402
756 146
828 295
41 659
173 685
358 402
625 989
883 273
370 452
81 895
465 472
730 612
512 755
498 352
723 297
45 365
963 246
214 428
31 302
586 595
827 327
495 445
45 510
910 898
94 801
258 841
752 801
688 841
446 77
400 582
807 108
755 263
649 406
833 465
25 652
587 718
669 729
623 260
960 988
333 630
796 370
462 874
502 855
964 680
565 626
848 129
298 366
763 126
145 209
221 614
458 360
263 301
578 169
706 402
190 803
378 67
677 307
571 784
477 781
809 974
216 9
514 624
203 261
204 602
98 53
744 639
230 734
162 854
535 411
939 806
814 342
743 276
2 190
115 603
188 149
743 357
84 998
340 328
849 658
847 443
442 139
37 269
686 110
627 501
301 180
799 181
582 207
415 188
718 319
497 649
975 404
679 561
46 376
626 678
309 714
421 257
538 976
499 244
11 112
68 103
766 154
234 267
208 354
869 147
323 51
258 168
841 690
200 262
191 1
367 154
719 689
869 228
337 915
608 370
310 974
155 907
364 515
522 49
691 922
582 949
640 428
420 652
760 703
21 619
351 404
64 92
542 455
321 193
554 497
366 307
167 262
273 599
194 480
195 585
682 322
602 404
655 386
325 107
810 185
244 669
498 701
62 266
19 469
580 934
355 815
563 144
122 96
785 126
179 992
593 985
465 954
762 48
544 227
857 796
913 978
232 597
36 903
18 758
511 231
538 449
758 172
406 113
672 647
609 961
343 942
243 625
274 927
796 568
340 364
896 698
144 447
111 547
572 23
909 243
663 456
956 182
206 269
712 433
927 471
110 745
898 251
629 211
528 100
638 131
894 233
474 764
805 536
129 47
917 446
167 563
442 30
297 881
798 467
619 306
941 614
236 770
789 244
261 587
957 830
907 73
881 920
862 869
495 388
388 578
320 904
120 394
176 172
30 27
791 302
778 89
462 742
673 869
121 800
859 30
243 501
426 191
247 261
322 314
95 721
151 707
618 570
782 419
578 644
327 258
310 756
702 218
269 389
916 668
942 916
504 640
194 405
237 418
810 131
762 771
389 909
104 489
913 259
181 619
365 510
682 448
166 241
31 701
415 530
382 579
787 903
476 540
442 668
4 379
614 798
481 370
452 533
566 606
287 357
568 645
695 894
550 309
432 98
408 514
27 319
66 718
328 505
628 684
629 405
422 198
999 7
286 438
239 626
562 193
68 266
154 918
733 104
336 578
997 691
84 764
33 614
361 401
236 983
383 512
447 295
513 173
306 741
383 913
439 899
498 381
337 57
335 594
564 776
945 826
811 977
647 111
150 717
608 331
299 18
30 390
260 884
988 670
973 206
665 677
935 705
545 463
104 9
858 190
553 836
96 334
939 83
998 754
621 365
320 592
137 190
764 411
602 42
554 457
197 613
114 320
170 446
264 55
925 318
285 927
625 84
98 817
388 408
834 248
781 479
393 486
506 89
1 981
991 434
776 33
155 44
478 200
503 628
500 2
201 702
286 865
203 281
734 99
350 360
79 810
391 414
394 251
771 330
719 378
317 978
447 903
925 787
253 165
681 279
157 750
871 512
323 538
749 589
842 226
845 641
991 903
600 272
343 692
168 412
828 952
923 540
68 253
125 508
343 293
823 127
707 990
928 785
638 42
508 347
608 9
663 583
685 907
634 981
102 871
582 541
16 638
202 857
314 383
51 832
136 701
474 121
20 205
938 456
910 66
377 882
507 499
398 326
25 587
354 514
817 590
696 747
802 506
877 854
234 744
551 149
664 455
114 386
316 586
377 588
229 979
752 512
237 72
845 265
819 30
597 408
324 776
981 555
874 910
928 42
35 784
256 663
20 330
840 897
772 26
773 879
620 444
711 23
325 872
681 192
60 139
5 518
815 21
430 493
809 164
258 162
95 387
939 793
689 590
84 112
287 317
415 264
723 198
805 176
173 326
447 955
644 641
991 618
222 944
667 800
376 29
230 392
801 954
68 497
973 468
220 150
675 506
659 993
732 249
77 396
794 468
281 191
451 235
914 925
704 457
45 319
196 189
733 882
438 406
24 454
803 380
362 724
716 523
422 698
837 782
72 321
313 89
929 167
366 332
882 193
475 701
873 770
642 603
534 841
739 937
920 845
562 850
941 969
657 622
739 822
542 343
69 755
52 967
990 645
545 834
701 351
313 646
886 837
247 789
866 504
787 874
681 147
899 868
901 151
840 780
553 489
992 583
202 560
395 914
454 472
646 545
438 532
120 753
117 541
888 47
611 925
922 976
391 375
429 192
323 581
430 235
879 952
760 304
430 858
642 66
334 502
546 550
103 271
452 5
571 217
935 600
849 481
25 237
443 330
907 251
426 562
661 786
380 854
448 432
538 676
390 241
621 981
33 276
485 21
306 800
838 653
385 407
777 949
579 481
36 671
983 496
252 126
551 204
433 583
646 224
831 44
778 440
377 923
521 947
503 47
267 693
625 677
339 675
575 43
228 326
375 17
56 47
133 213
835 455
268 636
765 538
930 561
199 84
751 731
420 903
649 143
479 484
597 193
890 317
374 218
680 531
757 523
313 674
667 319
631 998
407 248
70 850
4 356
79 672
391 860
956 902
494 829
373 52
232 952
304 613
486 893
487 12
466 772
843 316
778 313
248 322
121 921
468 335
72 912
792 341
425 628
541 862
193 752
106 179
569 729
738 300
791 282
975 114
172 330
915 965
49 17
842 751
341 551
241 873
276 344
520 726
20 869
132 569
884 100
44 163
780 879
893 978
897 13
880 707
607 230
349 512
975 764
658 421
140 541
589 330
972 598
186 431
974 444
722 173
850 886
341 513
877 591
287 623
806 725
882 295
643 692
579 477
485 157
111 168
393 984
859 125
660 122
717 119
42 305
375 215
11 502
30 278
858 191
507 71
346 971
312 87
239 664
647 669
190 88
318 109
963 856
341 212
934 331
384 595
509 492
777 28
887 169
355 1000
601 960
929 841
35 998
109 754
22 736
107 221
47 791
161 656
236 172
808 565
666 959
448 420
554 232
316 235
298 426
815 131
308 583
979 394
283 387
12 85
566 962
697 913
75 805
110 981
736 516
862 452
900 673
266 272
727 862
231 47
602 200
206 475
499 335
945 153
672 575
784 25
130 167
719 155
900 967
409 996
671 772
418 874
610 751
941 126
49 142
340 635
125 507
114 478
82 462
528 507
396 516
258 549
353 609
559 913
926 396
203 703
370 164
7 819
653 247
472 684
555 307
601 657
64 326
985 626
488 438
717 27
475 848
960 816
229 833
731 684
366 426
939 190
541 49
464 350
545 91
319 848
584 703
416 17
949 489
143 422
751 829
223 244
99 442
835 270
198 434
603 974
368 393
131 503
711 353
62 209
583 805
253 201
496 45
369 817
886 894
247 816
639 530
929 695
680 747
473 883
718 935
113 308
39 516
208 512
993 336
277 532
494 778
736 664
853 321
288 519
398 588
205 786
277 389
244 968
207 196
887 614
429 842
946 116
843 452
429 648
790 205
81 669
745 694
763 557
582 35
371 105
115 970
991 597
499 299
796 581
780 66
512 992
241 928
844 889
281 13
745 464
945 22
908 414
819 525
861 315
611 687
655 405
689 9
270 818
767 976
440 537
519 325
443 414
599 763
730 582
503 461
181 711
975 692
136 492
854 559
737 296
432 796
21 95
498 21
336 440
523 108
600 809
342 354
319 55
55 523
538 611
775 274
711 656
477 722
474 205
536 64
129 574
114 84
609 698
902 147
608 6
215 822
753 363
657 785
39 484
42 408
522 910
707 390
835 349
764 109
881 399
809 698
632 711
578 930
130 918
498 552
1000 698
657 911
588 97
244 671
92 911
964 940
572 493
934 204
465 815
834 336
681 35
368 226
352 743
648 436
504 802
302 213
909 19
876 74
605 388
821 711
862 13
524 686
121 31
891 527
140 167
807 513
770 234
516 282
576 37
336 826
248 150
374 554
323 580
386 146
499 263
172 359
745 547
483 395
305 66
713 93
624 352
382 112
573 441
852 368
139 199
675 409
110 606
491 552
521 995
701 597
564 903
175 882
785 730
660 402
880 728
522 415
615 256
259 920
426 411
869 181
511 195
618 503
102 812
416 413
125 133
592 742
487 890
225 727
711 743
405 588
891 419
802 432
454 743
609 954
811 34
650 236
445 992
274 370
622 160
694 765
218 784
510 946
385 801
455 695
284 465
398 89
769 603
780 319
351 27
15 208
81 466
646 402
226 979
958 384
62 341
229 716
735 54
847 904
479 372
541 25
110 2
202 171
772 211
79 675
904 939
541 394
71 319
848 760
248 468
980 13
278 110
961 936
162 527
281 894
73 184
215 806
679 866
117 175
945 380
598 662
214 987
675 343
433 32
126 183
698 540
992 817
760 333
581 161
379 777
162 721
482 524
518 467
265 100
37 640
741 234
975 334
854 885
818 439
33 725
710 745
287 840
695 95
111 916
704 562
261 783
710 632
348 473
172 350
81 403
766 792
232 162
158 78
384 903
688 245
191 2
879 113
684 129
977 137
355 781
686 723
764 183
266 294
450 11
796 669
310 551
725 716
66 475
225 265
893 390
803 994
398 394
184 18
332 442
398 53
825 271
365 190
807 939
477 516
628 819
568 103
199 59
189 225
762 805
563 300
925 685
246 364
354 19
891 888
963 660
280 876
786 388
734 470
536 565
451 804
785 68
274 707
131 86
300 583
136 672
945 446
908 774
654 294
982 627
32 55
193 546
891 567
196 647
589 856
625 615
843 424
844 967
222 951
915 658
210 999
230 482
196 278
325 438
110 820
456 443
337 488
211 435
999 442
909 910
144 264
898 161
889 820
98 200
653 393
931 59
271 570
115 188
559 547
581 935
216 997
305 372
382 362
720 597
629 785
722 255
465 110
449 609
92 572
341 420
252 193
271 841
328 689
38 588
777 972
159 516
698 342
21 739
693 209
604 908
290 708
812 705
924 779
180 43
273 895
403 268
544 286
281 936
787 114
866 254
165 266
683 988
227 65
218 743
469 132
198 450
883 983
44 988
977 689
320 348
435 189
607 51
844 295
929 207
630 368
577 100
388 269
971 808
736 707
553 499
662 575
330 60
151 62
66 530
749 339
680 778
136 604
577 15
263 444
328 420
553 173
650 881
278 22
871 429
415 411
474 965
145 675
352 727
893 710
710 900
516 581
661 162
911 957
120 36
943 518
432 416
875 852
641 316
805 609
721 622
629 877
494 827
944 459
581 10
451 237
864 18
37 856
976 572
997 858
873 452
73 652
94 998
205 439
979 688
357 76
547 916
50 676
768 967
533 445
823 867
437 36
664 152
591 455
831 340
464 142
564 625
986 493
855 434
298 258
527 135
497 202
479 974
336 72
906 204
86 868
803 604
54 454
901 439
868 958
119 228
5 464
394 395
363 702
273 714
534 847
294 160
223 346
725 644
431 265
566 476
787 33
369 242
276 538
834 28
265 271
530 261
235 521
821 770
471 905
679 164
956 559
276 649
552 207
248 876
319 597
891 530
291 664
184 296
630 301
832 404
32 589
505 236
566 873
169 69
5 727
563 149
505 93
69 420
927 373
208 31
465 959
302 218
141 104
804 312
59 483
300 527
317 935
631 442
981 384
50 34
197 401
2 129
404 541
704 107
136 967
816 380
527 645
73 108
112 454
562 216
671 846
598 762
344 537
24 663
650 631
746 924
741 647
318 936
528 386
853 777
965 335
202 957
993 926
256 410
686 363
982 851
85 788
216 989
33 697
312 496
720 541
901 632
579 338
7 229
262 704
487 797
609 735
819 410
730 893
658 598
266 259
432 615
324 541
626 141
788 140
592 773
845 493
906 371
191 207
802 288
772 664
540 748
66 103
939 297
70 551
859 430
273 839
424 408
761 748
484 697
450 889
215 571
271 325
477 592
144 579
333 797
411 255
585 664
13 159
969 569
131 236
994 92
408 871
464 867
139 713
726 655
912 471
162 810
956 896
156 728
676 263
677 42
861 797
737 791
41 776
391 452
212 231
970 951
917 652
611 955
927 295
480 6
689 886
706 780
175 563
261 531
70 431
954 370
502 773
223 939
59 90
244 86
810 340
794 266
393 659
528 210
618 852
862 949
152 198
85 808
269 158
286 113
787 801
161 249
327 556
440 304
632 931
427 90
946 966
730 849
146 766
363 290
694 782
169 551
152 275
617 161
375 209
376 753
933 685
441 827
445 771
617 306
393 184
947 577
778 996
57 779
151 593
869 364
51 293
235 576
937 643
955 927
887 88
29 486
857 157
606 480
554 71
187 914
188 329
764 372
347 892
494 765
374 87
526 80
360 737
397 36
291 545
754 961
614 825
72 720
337 87
988 501
606 60
520 775
210 853
839 942
942 77
690 474
625 759
718 436
165 540
463 347
447 614
841 498
550 897
499 111
870 162
529 634
279 998
646 723
371 41
172 78
360 310
379 626
766 98
287 815
515 456
186 478
3 764
764 903
282 253
90 882
788 503
793 351
977 458
48 285
63 133
400 43
216 772
911 491
882 329
574 531
703 885
775 296
216 691
203 927
884 77
501 734
359 784
485 469
904 345
152 670
704 987
77 907
674 831
398 103
511 570
864 657
939 193
479 24
338 924
959 770
247 236
674 942
731 675
630 599
21 821
316 939
249 504
431 74
861 641
772 118
291 525
777 280
697 721
249 525
47 11
602 734
317 992
142 309
435 301
38 378
296 101
182 657
735 815
338 371
176 538
981 491
175 292
407 665
182 512
239 721
921 400
802 661
675 697
684 593
480 95
978 306
672 605
487 463
733 60
913 3
987 433
663 646
33 933
300 104
284 869
304 107
309 726
456 182
286 902
6 798
444 847
263 133
766 158
641 477
91 386
988 908
402 555
610 645
149 238
498 384
154 596
817 316
559 267
819 858
967 865
931 308
163 926
756 263
267 940
682 517
647 449
952 259
756 549
189 612
873 775
431 667
582 937
647 531
42 390
872 73
324 984
554 509
884 912
521 250
65 216
281 907
596 666
860 809
700 950
351 182
890 292
946 466
566 767
679 308
222 417
297 14
152 775
9 642
502 81
149 932
165 15
956 782
139 684
198 201
923 11
754 601
147 637
42 197
490 283
737 778
520 880
465 975
28 575
835 953
503 863
179 957
511 368
207 75
84 774
619 351
309 999
935 887
37 392
633 43
462 191
853 566
641 750
645 858
704 266
174 354
89 842
642 240
129 35
372 223
135 13
267 157
533 138
93 643
104 740
487 911
897 87
178 60
989 457
665 435
870 340
431 1000
611 460
370 234
671 274
659 442
806 575
556 978
793 384
265 255
891 274
142 774
164 858
359 623
626 108
844 59
773 113
389 888
657 984
270 21
166 154
646 400
833 191
355 175
212 300
473 824
866 289
577 178
619 539
985 149
130 666
424 99
723 521
87 962
774 994
899 566
652 394
690 554
321 670
164 252
457 78
835 594
757 219
888 678
559 469
780 294
675 712
662 966
738 184
850 414
101 744
639 104
452 825
872 290
81 628
210 912
84 649
379 779
196 323
548 56
435 801
186 217
891 759
287 933
534 494
408 194
500 872
945 941
598 993
306 737
490 292
385 214
428 466
135 390
813 629
146 989
717 274
366 192
668 890
51 872
566 89
841 590
713 612
295 77
461 165
10 51
581 639
952 332
122 31
437 396
404 315
668 536
336 17
82 557
765 360
802 466
821 54
473 344
38 768
868 119
337 761
502 733
468 613
307 801
492 291
280 361
848 11
458 678
82 847
789 866
429 671
359 546
526 304
326 297
311 671
94 277
978 888
820 391
91 709
916 914
903 968
635 384
216 50
734 468
888 996
282 165
265 945
729 244
92 524
2 292
990 13
773 553
390 967
596 970
641 923
605 458
326 245
431 660
582 58
917 687
404 469
248 208
249 889
378 607
679 82
610 258
870 208
597 632
999 436
489 187
415 199
956 489
734 952
80 950
857 453
510 338
578 826
172 79
779 497
974 408
879 320
12 631
529 667
548 385
954 415
737 472
538 667
522 292
595 998
101 81
10 802
39 159
77 40
176 455
397 929
659 498
146 739
955 623
280 421
228 59
377 999
583 627
699 737
531 812
330 535
424 749
924 773
512 143
307 829
643 695
111 479
388 90
458 462
748 592
541 948
41 378
114 352
665 848
211 337
522 715
688 735
156 93
485 775
934 84
576 528
173 809
389 961
38 488
41 20
730 951
316 138
959 624
585 599
967 421
625 342
644 984
347 968
723 961
587 50
148 358
84 13
670 780
688 552
179 819
630 16
667 6
466 317
1000 797
825 350
606 25
322 362
511 351
439 402
227 113
706 595
512 884
583 507
822 593
439 3
334 367
724 179
482 546
746 791
822 704
749 928
2 989
115 892
885 352
743 664
373 444
871 141
624 470
58 484
775 843
779 396
709 195
226 910
695 16
572 733
336 669
603 753
305 406
396 555
860 192
128 137
475 98
632 159
7 131
873 91
358 669
840 108
604 221
896 142
517 562
917 232
3 872
261 372
155 785
137 318
465 217
772 66
485 278
99 620
436 739
525 804
964 324
308 160
297 908
423 177
190 132
941 948
891 265
468 558
553 913
808 835
237 151
679 64
590 421
39 481
223 324
170 80
744 117
321 196
485 601
53 261
271 242
95 926
441 739
890 434
428 815
551 411
542 321
772 452
114 644
173 849
320 267
339 537
433 748
930 664
614 996
423 757
65 505
84 323
526 323
331 259
535 724
277 708
297 158
652 528
529 475
736 737
308 570
147 636
619 860
752 123
702 685
258 329
900 725
387 314
80 824
118 768
727 914
47 268
314 669
351 666
616 809
301 497
28 687
103 37
314 780
675 346
921 981
193 665
594 839
352 38
480 491
561 406
279 591
528 89
982 706
966 655
288 499
815 39
111 780
885 501
158 951
135 413
138 387
97 869
392 522
409 620
138 18
67 392
270 559
574 601
483 472
335 667
928 571
485 266
55 616
332 179
47 680
11 462
105 511
587 943
659 298
588 760
621 564
76 168
759 357
682 792
310 713
994 534
920 685
812 651
962 56
360 858
913 484
859 416
790 866
338 869
923 357
943 320
263 850
13 955
51 376
930 589
289 435
420 899
155 470
565 367
783 216
701 383
867 75
835 745
268 350
824 372
938 738
940 587
196 904
253 745
143 607
719 508
442 520
350 369
771 185
61 226
28 493
766 569
452 784
362 291
851 842
182 606
753 690
544 118
558 148
221 77
988 305
917 763
296 747
794 118
724 235
915 233
607 606
106 178
331 979
44 264
817 8
410 494
413 989
508 477
880 616
349 747
25 205
82 486
788 366
276 442
632 104
34 244
942 120
733 950
702 703
370 188
172 138
284 588
466 619
379 438
768 897
487 771
551 910
733 551
792 7
811 869
495 276
632 326
287 614
86 819
324 748
463 378
275 480
952 98
873 845
290 703
219 335
368 643
313 262
61 608
812 728
789 623
307 800
26 888
647 558
920 704
530 312
592 1
276 732
942 949
201 583
554 69
35 988
726 975
29 405
32 167
195 917
720 814
829 462
78 962
731 916
625 169
623 674
374 452
670 785
448 592
947 172
364 298
500 282
729 356
469 545
571 601
239 703
476 259
701 982
743 383
33 842
140 106
268 55
187 449
672 563
656 200
9 816
749 955
953 890
683 774
421 992
153 66
332 360
357 994
482 642
179 658
989 253
628 419
646 582
723 465
500 990
627 539
12 274
590 867
3 593
153 412
319 267
211 658
655 685
533 193
236 839
802 162
367 465
368 882
55 690
958 545
941 685
618 458
289 78
703 887
834 738
601 661
780 764
198 773
15 337
757 542
129 982
742 938
399 495
363 727
554 372
555 213
777 211
523 435
337 740
677 586
130 799
972 58
55 886
313 403
137 221
321 104
867 153
87 577
971 242
240 376
573 821
425 218
669 871
963 598
450 703
911 990
311 738
758 265
908 624
692 175
568 542
858 470
939 638
360 725
193 368
852 840
565 456
17 34
18 893
183 597
293 181
778 771
545 628
343 787
164 166
224 409
871 345
843 504
283 641
305 969
412 811
274 964
24 527
775 676
478 572
814 58
267 405
514 142
456 474
719 123
413 797
372 86
135 154
27 565
391 44
512 915
522 202
548 113
516 727
287 892
327 835
163 162
992 474
614 65
962 766
30 150
931 169
628 165
427 902
889 567
690 512
51 818
863 947
8 607
371 805
177 556
226 341
612 320
975 982
542 47
122 724
836 264
379 239
994 896
920 803
698 718
564 523
707 509
636 461
268 887
443 898
644 490
815 942
172 519
925 479
584 735
743 311
416 49
34 736
185 372
262 528
734 736
42 166
193 50
878 707
661 807
166 207
910 254
568 401
678 106
244 522
390 866
27 36
745 716
193 348
692 818
343 838
680 858
308 571
256 918
98 467
135 570
176 772
838 511
16 322
87 937
663 224
874 419
446 792
965 776
680 120
771 67
391 371
558 889
995 545
615 888
67 958
893 630
950 699
310 326
663 454
331 857
457 232
797 880
893 743
556 505
295 615
371 197
547 198
604 493
72 166
420 703
516 715
318 943
300 78
798 469
968 480
456 212
793 251
10 247
232 315
766 184
603 939
185 875
385 377
100 370
12 568
968 222
591 420
258 920
722 341
379 282
694 983
621 754
735 618
821 464
954 755
494 168
775 387
981 666
104 295
693 22
808 800
990 584
9 113
781 723
229 534
372 647
964 607
308 475
115 856
22 729
1000 267
104 320
303 224
285 949
640 684
934 2
368 469
1 963
184 455
345 102
260 868
41 672
47 92
786 412
36 707
878 590
61 112
863 428
840 813
912 458
753 800
258 244
938 626
153 986
80 662
301 306
505 495
896 894
642 366
993 386
496 678
67 781
563 912
781 121
895 111
823 450
790 137
974 602
390 763
541 857
232 859
948 845
145 898
899 259
820 497
779 745
709 120
358 30
162 749
179 697
855 260
737 103
228 638
28 850
620 980
822 312
73 367
366 996
811 553
216 218
707 1000
637 375
528 213
358 376
698 237
497 548
519 393
280 62
925 687
750 569
876 780
733 949
935 345
221 599
246 872
137 740
154 650
548 510
162 145
772 970
20 55
964 270
698 446
702 414
262 815
104 15
506 687
834 270
623 120
129 634
494 324
702 361
816 668
233 574
327 476
994 571
498 906
616 121
816 619
30 565
75 412
574 950
65 134
873 767
468 837
530 328
566 522
787 203
790 766
69 494
834 242
762 947
322 414
329 490
464 947
504 896
66 923
784 594
840 793
329 379
113 524
477 851
153 517
248 389
501 93
619 918
906 908
984 57
749 263
52 697
300 579
317 891
175 269
639 296
822 984
386 52
831 922
184 625
118 841
837 245
947 333
235 175
132 868
255 160
992 866
663 409
85 686
939 977
210 995
68 453
624 349
533 637
534 174
457 498
331 865
940 657
797 824
407 588
142 607
339 362
399 716
914 800
258 284
7 507
154 861
428 76
121 422
733 574
507 261
534 392
945 299
404 165
304 853
25 168
851 372
229 392
551 651
456 236
719 821
210 295
485 111
803 326
570 71
257 382
668 856
851 594
220 588
566 59
806 746
713 141
459 614
200 917
215 952
273 593
418 410
458 735
995 396
555 380
873 808
213 343
677 760
609 131
702 261
233 538
752 518
792 433
463 640
137 220
91 517
75 440
653 199
441 566
902 613
544 385
235 702
381 980
717 602
98 234
78 940
356 566
965 608
416 382
331 368
518 548
558 529
317 189
321 826
766 916
506 246
235 988
238 673
294 727
924 378
430 503
306 1
828 158
871 344
598 496
35 338
418 566
988 515
535 1
97 253
888 736
512 886
639 93
681 373
365 772
980 216
118 708
799 301
50 796
987 517
127 798
241 975
809 473
386 314
25 106
66 978
49 92
508 745
914 772
935 946
572 872
816 314
284 864
840 176
898 304
537 112
479 647
851 272
546 510
105 86
676 877
54 9
96 837
390 15
46 605
858 886
54 184
203 606
434 714
759 637
798 43
622 431
882 360
258 804
688 177
502 633
493 154
747 158
425 394
963 902
330 507
26 782
501 544
850 242
749 250
329 759
436 189
518 343
521 241
668 352
468 782
910 477
332 654
307 136
786 839
554 395
39 705
902 577
706 94
790 678
611 455
581 309
152 778
544 28
174 519
312 592
424 394
788 708
636 993
49 116
527 882
624 985
255 437
184 522
619 915
796 785
84 35
74 89
738 32
277 420
139 943
597 875
193 637
675 721
897 639
770 231
298 595
221 568
944 574
84 769
602 834
700 219
978 277
444 409
309 533
914 729
556 506
336 605
927 109
595 213
676 818
551 646
571 76
935 551
438 453
521 887
205 454
524 382
955 194
936 750
599 779
237 966
608 166
233 75
781 927
391 727
51 702
968 814
520 416
328 717
938 394
764 168
200 519
555 143
223 277
151 728
286 32
748 756
797 432
539 691
541 65
228 332
532 260
570 947
972 67
69 501
728 487
48 937
820 63
490 934
279 862
273 980
41 432
84 140
669 814
193 29
71 20
256 853
352 954
758 374
140 403
566 841
455 266
61 143
924 307
84 208
218 666
438 603
387 395
926 828
882 593
966 45
364 343
964 641
611 814
860 161
922 911
573 822
13 462
474 790
718 557
538 351
41 925
560 699
999 60
140 983
767 32
440 777
607 459
404 940
225 217
49 11
675 299
954 382
607 600
332 702
370 585
139 230
660 460
132 869
258 680
576 339
153 390
392 714
432 251
861 334
935 715
37 131
906 991
530 995
529 700
648 750
732 477
626 632
76 409
811 982
426 376
851 441
125 355
290 475
311 259
507 492
259 850
588 403
346 34
73 938
502 539
904 466
318 388
67 132
584 314
95 818
688 456
359 889
820 253
90 478
479 32
742 750
948 89
365 185
477 543
834 785
155 263
191 461
817 918
838 632
550 140
865 702
961 67
696 144
78 960
505 168
472 479
580 997
649 303
808 232
516 185
221 429
349 152
904 731
68 704
545 735
486 787
503 659
383 489
184 689
612 504
888 709
724 43
249 909
286 522
948 691
650 157
690 470
177 233
585 244
676 5
611 960
308 92
705 749
693 838
31 99
14 855
207 21
430 519
87 318
966 725
474 703
242 691
504 68
485 29
529 527
366 880
258 575
261 396
742 255
485 110
622 90
973 313
115 417
43 332
166 769
101 94
489 502
655 589
547 844
181 214
627 58
544 743
660 36
593 304
384 791
962 348
837 908
752 680
200 607
924 884
405 752
564 303
105 582
109 118
863 285
185 350
61 755
869 652
63 325
5 476
895 541
622 959
492 32
293 81
350 130
80 418
448 390
307 77
201 754
143 755
758 990
518 549
578 208
819 38
782 990
105 898
252 983
717 699
387 434
226 246
247 556
639 382
876 92
645 575
244 982
736 550
277 496
978 671
650 658
943 815
107 455
749 524
370 687
27 646
567 768
537 341
630 494
695 6
776 751
927 392
984 594
956 392
484 409
340 933
676 783
55 498
441 330
349 721
12 391
90 931
544 772
569 695
702 629
759 636
851 625
559 800
157 160
216 740
380 47
787 962
918 641
301 641
428 898
967 544
787 326
346 26
475 690
848 424
480 876
647 213
930 322
592 941
354 400
714 963
878 487
950 560
475 592
761 731
597 325
215 843
769 994
256 731
744 790
661 805
792 684
8 251
192 840
999 599
47 186
106 642
748 853
143 727
792 731
835 671
814 516
230 754
947 230
697 979
148 951
22 238
465 963
193 636
644 733
792 871
559 418
741 563
547 490
710 74
838 159
490 57
207 340
614 438
462 131
46 450
68 286
215 473
976 28
932 423
688 904
999 683
612 851
3 397
44 295
210 59
723 992
425 869
883 288
791 493
443 323
110 467
49 689
836 57
432 175
215 172
56 523
777 557
10 68
967 643
510 587
189 674
794 580
228 152
447 126
485 302
826 341
848 261
223 391
243 509
980 990
472 537
380 84
223 276
545 404
400 122
655 859
679 97
886 623
136 255
299 349
998 857
948 70
765 679
626 104
167 290
425 135
83 991
635 154
448 288
657 988
285 947
815 554
740 375
599 428
433 525
627 991
252 936
863 152
135 651
601 425
486 741
805 31
849 935
973 985
634 35
447 794
302 251
196 538
107 97
453 117
370 789
758 128
925 775
602 948
847 458
480 172
226 384
409 96
49 441
658 533
735 513
520 590
760 339
118 525
300 882
763 856
548 36
918 146
598 906
430 1000
239 344
166 998
279 733
224 818
106 495
550 888
827 453
42 631
426 470
832 637
836 29
509 851
241 477
811 969
775 178
890 606
712 146
416 447
663 505
138 132
712 225
642 532
152 280
523 315
797 440
356 216
85 390
447 227
507 92
859 227
720 277
440 19
648 984
425 449
833 460
191 238
13 762
416 12
125 630
772 377
369 44
985 426
752 619
273 806
511 658
905 169
284 162
450 854
930 620
990 836
368 499
613 739
58 319
374 57
122 206
394 817
622 787
253 218
387 200
901 175
891 894
303 996
114 941
813 983
47 788
433 267
409 290
136 678
150 312
434 951
509 465
326 233
775 556
260 527
374 741
328 285
625 79
724 155
277 101
858 917
801 918
417 601
291 431
446 202
679 909
187 51
675 75
538 54
50 969
864 413
393 632
594 778
6 932
444 561
162 382
515 463
636 841
618 422
12 627
146 573
293 826
55 655
883 115
3 880
6 81
579 273
7 808
341 558
413 113
402 738
719 597
284 706
765 407
105 140
159 514
473 271
695 460
864 584
812 839
195 888
372 727
302 810
313 295
333 668
959 184
105 581
108 668
200 687
242 342
706 201
673 496
948 62
271 744
834 165
655 433
568 9
882 665
841 956
813 793
778 556
502 78
32 198
605 663
528 838
516 120
362 651
647 834
247 958
13 162
621 141
255 403
257 720
41 169
728 109
66 620
305 748
32 932
92 748
496 657
350 332
260 604
279 208
999 865
557 218
92 643
274 944
560 945
429 212
875 44
309 910
253 328
477 200
188 797
27 665
214 773
875 957
733 55
117 472
645 865
318 807
563 744
822 375
70 488
861 403
552 993
612 783
41 758
685 197
922 265
210 231
48 150
747 276
71 982
772 550
962 765
764 561
899 466
424 837
423 510
690 575
603 354
612 764
189 669
300 578
274 539
472 655
396 773
915 783
772 908
366 111
369 313
441 916
452 450
462 514
682 995
958 802
975 832
998 547
503 67
754 63
755 490
39 413
190 27
715 265
308 450
293 274
275 251
737 817
243 687
852 519
899 94
806 208
682 66
905 225
657 896
160 440
696 218
18 954
134 876
598 193
692 142
145 69
120 539
635 332
174 824
359 796
473 748
681 36
260 929
20 381
639 285
841 430
844 551
39 775
211 162
106 820
680 123
473 739
663 82
996 925
226 509
366 412
31 772
987 754
126 130
219 620
224 951
791 197
851 99
589 747
849 518
576 474
33 254
407 630
721 588
63 917
34 381
557 111
893 405
250 939
759 978
355 568
483 591
375 933
358 701
487 795
647 705
437 2
336 411
587 978
716 694
508 856
39 163
337 775
618 656
180 459
609 947
151 730
613 923
25 674
688 302
375 120
808 803
905 979
683 158
997 397
865 807
493 926
778 642
999 660
892 592
415 999
363 446
853 904
394 794
568 449
273 91
190 736
378 896
854 768
592 470
170 628
867 301
83 282
283 300
781 229
724 894
767 460
822 290
18 723
349 35
352 265
723 874
421 796
448 796
601 330
231 3
178 397
326 797
774 769
278 976
904 543
283 586
122 143
376 93
659 944
269 516
491 636
629 190
909 567
85 976
391 113
883 319
426 580
873 501
67 330
28 988
451 171
789 31
353 756
141 812
521 738
918 620
962 596
859 964
829 804
613 221
673 792
232 56
660 2
57 51
845 58
593 33
78 411
47 189
925 98
449 474
982 236
251 82
87 456
90 476
751 801
238 844
555 122
612 121
99 390
389 822
941 777
70 517
458 491
320 472
13 987
184 375
437 587
761 515
526 171
618 840
602 341
774 298
491 510
919 328
705 68
9 733
361 798
805 417
473 904
476 505
363 178
144 835
696 496
520 190
889 385
905 612
391 401
174 995
178 478
163 334
606 38
850 492
559 500
157 884
16 28
455 927
645 763
116 421
353 957
481 224
335 197
323 517
213 665
549 287
254 495
906 524
465 308
36 862
253 205
241 781
168 389
824 892
567 220
219 882
275 580
708 406
784 819
145 772
351 967
423 469
67 439
177 683
96 453
871 614
513 930
966 772
492 719
309 15
293 906
954 852
628 986
101 859
119 360
319 122
623 40
411 607
704 930
744 143
941 587
545 482
91 888
312 123
369 126
575 26
461 422
136 670
224 832
263 752
161 362
333 519
42 308
647 526
683 718
145 293
507 857
968 725
916 605
4 119
51 180
606 454
878 299
476 703
38 402
925 650
217 205
128 336
683 984
942 695
834 324
249 220
654 235
363 164
899 128
598 388
856 35
305 739
313 956
888 628
639 201
624 158
917 605
254 394
174 110
182 423
396 412
989 45
794 59
927 485
107 342
462 920
453 366
36 218
457 875
844 881
757 432
760 140
448 610
983 562
529 975
508 402
589 599
951 16
276 280
724 624
998 21
121 583
638 252
163 166
756 111
302 450
181 816
347 50
920 154
224 807
986 359
915 929
58 178
867 249
670 267
631 468
64 847
671 292
621 633
630 969
774 55
427 152
415 888
48 723
637 143
843 528
797 198
536 72
694 669
102 132
178 753
752 726
473 411
492 465
493 40
200 716
482 458
911 905
647 899
962 93
683 951
700 595
568 405
21 107
667 912
459 804
406 301
500 440
669 617
619 962
175 224
508 899
640 913
149 517
131 6
633 866
939 751
687 5
943 239
226 807
89 656
622 554
145 358
365 707
630 113
530 338
227 574
581 403
193 626
946 16
16 469
3 209
850 436
282 440
138 753
583 474
590 530
93 74
404 907
450 673
83 204
174 245
488 540
714 278
515 219
202 706
556 501
168 462
193 781
750 967
236 997
883 290
131 595
137 530
85 940
598 991
68 62
806 964
2 732
150 588
372 340
211 590
485 83
747 384
675 255
362 686
346 299
741 354
987 46
225 751
483 479
545 328
428 452
931 423
916 465
303 14
114 225
3 984
6 425
470 58
419 872
425 491
958 223
355 870
711 509
747 972
34 657
164 832
955 795
777 239
119 118
947 667
252 341
380 386
346 798
535 928
4 952
756 805
613 892
342 834
104 467
303 93
959 627
331 172
728 264
451 931
51 29
622 740
18 814
511 943
973 838
743 624
875 312
108 169
861 997
934 883
577 470
540 222
931 715
291 872
678 372
912 487
39 810
351 596
654 509
109 674
818 827
779 668
140 978
107 385
365 969
59 226
315 92
443 131
597 622
11 839
125 161
550 924
112 616
314 924
15 733
300 159
234 151
362 992
842 470
383 522
974 235
158 916
768 888
223 694
867 966
963 263
833 823
318 681
983 73
342 307
115 688
298 406
891 470
