934 1847
98 102
784 917
288 708
406 148
694 721
511 527
598 811
503 742
42 235
596 726
558 389
818 632
693 349
733 225
90 245
657 402
768 886
753 339
18 588
421 454
137 649
305 451
863 852
656 554
421 883
816 234
163 789
722 585
762 336
442 577
70 386
473 513
367 243
595 596
154 857
747 298
658 844
311 536
776 360
124 317
895 846
811 565
759 917
427 46
304 238
31 85
414 653
872 162
241 328
543 434
61 872
580 869
448 653
931 661
327 670
697 795
793 15
474 811
670 152
932 710
330 529
899 781
275 112
361 158
718 66
528 5
450 348
103 698
162 200
394 311
351 24
201 614
398 136
773 265
444 267
230 316
56 612
866 812
443 69
816 92
582 176
360 708
872 9
94 911
833 236
82 142
618 313
51 188
897 535
813 731
744 254
636 436
802 258
237 159
511 298
340 694
351 427
214 795
305 480
292 400
227 880
157 633
191 862
513 383
918 653
210 664
211 145
49 161
503 841
342 900
256 895
354 549
635 924
75 587
782 625
822 407
753 361
130 232
187 505
709 601
266 53
487 159
362 1
801 802
896 51
354 589
66 802
140 170
77 507
253 196
620 678
215 713
491 791
239 934
741 453
319 895
626 67
829 79
449 679
889 454
889 684
254 136
79 781
658 787
393 475
73 130
5 765
744 708
809 537
517 291
637 614
615 512
411 152
458 472
593 259
120 65
507 310
107 717
741 646
333 921
808 509
904 411
814 669
46 86
139 272
766 812
772 658
665 435
649 892
135 156
544 134
872 931
373 47
412 432
35 855
95 470
830 202
262 845
708 344
28 525
691 247
710 762
616 321
140 38
666 42
868 34
863 361
367 195
540 201
501 424
782 193
884 17
364 39
675 336
405 890
407 447
690 866
895 752
26 330
449 864
429 895
858 716
201 145
749 769
232 84
272 85
326 792
453 928
44 924
578 315
229 510
196 871
324 915
91 501
224 722
729 225
143 933
408 670
339 595
895 590
772 429
277 777
344 317
925 772
351 809
118 214
15 11
257 742
185 129
542 280
416 96
452 425
237 504
114 782
838 514
235 46
779 79
644 223
648 303
246 505
33 748
373 233
397 526
289 141
163 692
231 907
256 609
671 837
345 588
38 601
59 420
44 253
46 343
853 845
274 601
439 433
560 424
484 557
530 528
213 548
315 675
67 450
360 738
894 277
34 690
671 343
15 868
57 457
497 818
122 673
638 212
236 166
916 554
579 93
216 597
623 807
240 48
637 920
242 217
867 544
690 612
179 610
213 748
27 123
307 745
71 282
382 398
899 55
353 209
261 184
210 845
748 461
736 856
864 231
592 857
647 62
251 575
361 147
510 524
55 894
738 454
224 757
564 671
920 524
231 660
786 205
509 18
897 441
221 467
710 706
753 919
754 424
847 581
580 234
522 209
912 95
641 122
18 184
402 590
58 156
611 158
495 449
50 434
472 694
641 288
826 153
789 787
441 125
902 18
235 700
364 421
258 643
708 852
677 739
304 621
522 557
821 639
381 653
19 557
702 153
232 142
177 104
714 715
31 249
152 463
745 381
319 109
605 867
585 919
661 338
701 876
45 573
660 9
843 845
662 564
79 309
700 461
118 475
380 21
929 362
5 924
181 512
539 815
915 557
186 499
669 81
14 900
552 491
186 354
63 184
877 95
396 777
298 164
650 100
154 449
17 929
601 214
491 785
102 260
430 844
805 117
77 116
545 838
249 513
164 404
832 91
434 142
440 206
861 902
240 613
192 686
448 375
871 777
448 737
665 56
708 506
720 109
244 528
279 901
525 418
606 194
47 623
855 91
485 732
570 217
725 502
670 553
654 856
478 62
584 356
32 673
219 609
475 78
805 855
190 8
203 143
404 772
80 679
561 399
583 864
179 797
571 210
39 167
439 713
779 417
345 734
924 587
656 776
717 358
700 239
774 674
405 880
75 772
829 712
167 289
133 774
417 785
381 813
186 813
290 658
380 368
336 188
780 447
103 80
582 568
17 535
583 688
287 467
812 452
748 92
434 331
491 626
422 295
721 457
83 391
543 709
38 392
328 510
318 103
565 409
783 781
475 85
869 376
816 636
214 841
474 103
370 587
26 665
349 403
437 386
793 748
665 794
817 556
875 88
493 107
537 42
650 830
760 594
907 575
493 595
181 830
791 864
705 700
856 117
57 446
745 835
506 575
327 880
510 755
646 895
615 350
525 103
547 541
473 456
326 922
154 366
414 39
55 724
780 460
598 591
185 464
733 395
688 786
800 759
747 16
55 241
812 25
813 421
822 808
839 138
58 454
666 716
160 116
930 616
22 622
10 308
272 178
742 198
467 378
822 741
440 344
774 632
652 471
357 445
696 499
200 376
350 718
59 120
764 675
109 755
554 267
873 800
695 557
909 621
435 615
921 761
44 18
447 536
240 588
701 6
873 578
69 364
179 369
18 666
572 277
365 753
169 752
386 918
686 643
348 433
377 227
61 128
309 761
610 51
761 69
206 115
833 109
836 529
195 254
840 233
657 200
529 659
105 672
672 267
270 35
91 95
372 387
239 129
298 597
423 720
920 136
871 6
908 12
117 465
604 895
549 415
352 429
552 204
744 362
249 391
374 339
489 625
576 221
534 85
469 379
695 139
863 805
369 116
761 397
126 242
275 894
809 7
130 461
41 753
371 150
49 174
752 844
677 350
381 444
419 268
882 652
172 633
621 859
582 483
602 872
234 718
291 636
536 673
777 198
742 558
854 547
818 128
820 631
839 538
111 62
352 749
184 746
97 322
353 696
192 704
173 290
229 325
928 52
654 836
288 211
616 359
174 707
66 856
517 868
374 410
211 548
591 457
226 133
742 474
82 715
287 390
163 534
132 914
596 513
374 243
600 931
860 32
75 50
255 551
16 574
170 88
484 227
213 486
593 96
383 65
590 107
478 367
633 145
469 61
822 142
772 460
205 818
191 117
283 764
48 786
788 332
19 371
883 198
428 178
295 332
813 143
688 834
930 771
147 535
881 662
824 188
166 885
650 626
322 313
289 15
454 495
609 385
574 123
578 701
926 302
857 664
516 269
24 440
919 885
782 418
368 752
775 641
286 797
394 562
342 311
898 569
394 645
328 716
367 382
357 180
885 417
364 42
865 523
189 390
669 711
899 277
77 134
25 416
722 518
231 299
828 200
821 685
916 109
68 145
895 602
930 586
128 838
828 78
495 361
377 311
484 417
69 611
180 922
386 200
171 252
927 742
305 597
490 603
414 528
453 160
123 479
929 374
57 870
542 529
149 57
646 138
889 81
48 830
698 226
291 264
457 528
41 459
564 324
787 479
767 530
655 609
160 241
607 601
594 808
153 931
121 394
342 407
290 306
865 685
421 71
502 455
480 726
309 445
130 215
24 3
280 760
905 81
262 598
17 846
312 382
299 735
839 892
735 855
338 734
409 822
526 278
141 268
382 751
521 661
463 417
768 351
369 625
704 247
462 348
303 279
677 353
223 922
44 690
482 390
85 75
268 824
218 115
922 558
664 839
853 86
484 559
415 623
399 412
934 185
423 700
494 636
632 230
775 166
482 286
687 927
414 369
343 693
53 325
58 455
495 691
86 247
427 791
262 793
267 629
683 45
372 886
268 813
512 334
858 61
92 451
330 626
882 903
833 329
83 128
48 430
807 270
545 174
859 656
12 164
382 287
187 933
388 738
798 301
117 349
443 486
512 325
292 383
849 561
385 788
868 672
390 361
678 874
916 30
325 567
845 33
520 483
577 246
478 416
797 595
690 120
837 231
667 808
856 629
267 126
754 569
154 745
675 498
199 138
702 921
911 354
595 255
697 178
457 3
132 411
13 648
201 755
716 329
812 599
717 224
5 403
53 296
405 5
704 671
706 655
31 512
411 5
621 102
859 743
599 110
510 798
675 92
492 718
648 53
582 183
840 466
586 186
571 322
445 764
265 257
764 459
602 26
12 749
651 725
36 302
369 258
439 750
863 38
333 649
526 61
450 592
377 352
595 900
542 342
194 480
450 790
660 72
863 414
280 863
464 614
32 559
809 854
370 282
835 179
584 369
822 106
904 376
248 914
317 627
670 724
58 261
166 439
26 362
259 301
393 471
145 182
543 60
104 78
238 722
669 502
879 485
384 381
463 216
179 346
219 819
511 236
19 917
747 844
273 453
579 23
390 240
455 836
142 625
74 497
481 465
895 599
932 309
864 67
692 227
774 355
595 271
335 8
118 648
653 712
726 774
857 520
824 213
771 216
153 145
373 576
246 187
587 835
734 412
556 497
665 916
705 839
794 583
194 795
803 499
187 885
242 47
333 911
764 739
571 456
663 557
446 12
602 174
570 407
224 694
795 1
390 296
104 908
433 320
349 44
557 872
191 680
238 639
314 692
98 146
354 479
270 193
347 478
185 303
191 321
313 572
591 913
744 888
301 322
285 574
273 523
435 516
445 781
347 182
436 240
917 180
569 528
118 848
509 129
484 30
875 205
74 798
315 433
721 829
715 824
293 28
294 815
582 552
454 33
679 13
458 403
386 330
685 358
614 340
559 872
859 393
366 182
178 62
816 362
843 925
448 419
912 231
255 811
882 3
260 850
406 145
838 862
340 669
139 752
397 802
241 797
510 617
136 105
333 353
371 658
338 291
48 74
73 86
255 186
130 714
97 72
427 373
892 103
451 465
585 262
569 839
606 746
755 684
628 422
652 647
66 241
190 822
86 359
931 883
734 307
871 928
551 156
916 779
494 891
704 174
789 339
739 919
521 59
851 134
502 433
327 857
397 55
224 357
106 777
739 64
922 672
656 193
341 233
276 516
869 643
500 621
467 242
450 326
834 153
531 6
329 674
232 18
878 233
314 754
774 186
670 149
450 104
896 728
72 117
555 512
554 536
542 798
465 681
229 1
305 497
255 491
462 896
419 908
868 811
230 735
231 370
233 855
841 394
184 727
665 738
167 491
397 280
860 395
557 256
127 372
934 273
358 742
236 428
623 704
131 40
719 683
408 675
464 815
528 121
195 602
90 300
680 324
292 509
646 553
540 862
423 634
7 481
384 675
878 300
99 135
320 739
733 882
232 661
722 229
55 667
33 505
843 354
58 483
852 615
877 681
610 913
731 492
343 439
20 906
205 615
920 845
185 523
183 16
130 156
752 443
6 343
663 838
760 693
64 66
713 142
658 490
652 210
672 752
468 553
343 76
608 766
365 426
93 549
304 746
528 479
365 785
382 72
131 722
872 220
310 180
764 727
478 51
670 248
467 446
819 149
541 117
818 176
124 340
384 382
97 651
262 521
506 449
456 773
89 837
41 791
883 60
841 312
418 21
181 148
901 816
404 888
884 341
832 883
340 413
433 341
362 603
897 380
298 316
820 876
933 273
133 51
211 588
858 932
899 859
462 816
446 405
251 760
215 584
57 423
275 344
585 210
60 527
206 143
248 460
529 244
468 629
842 526
313 239
797 538
267 682
19 496
131 673
763 263
342 646
314 595
612 670
850 791
796 895
716 121
184 346
736 28
148 589
850 569
524 800
34 427
568 431
142 326
297 255
561 301
691 628
12 227
569 144
382 111
21 769
315 434
266 729
319 748
779 330
510 307
596 558
669 806
908 674
690 749
638 704
294 352
544 651
392 232
466 403
835 723
106 186
821 81
257 672
130 657
292 672
244 44
28 829
325 365
733 555
444 557
265 787
695 403
400 715
399 71
616 783
619 525
732 913
274 239
792 773
408 303
689 735
118 83
651 567
393 880
799 237
450 355
340 518
345 916
327 118
241 795
421 253
168 431
739 261
615 686
82 662
143 181
30 294
93 843
676 129
420 455
633 415
174 761
859 272
128 518
257 361
139 134
400 229
23 93
525 785
123 394
602 340
865 558
370 657
778 334
484 479
1 257
69 295
762 596
70 639
694 16
290 490
388 283
830 5
926 167
160 119
568 116
761 228
631 43
626 578
504 538
340 317
877 860
311 513
882 767
152 661
261 93
284 402
323 428
162 73
277 157
686 91
523 535
559 774
896 489
825 872
626 446
476 358
3 453
373 687
836 353
694 667
741 783
332 419
725 624
340 143
151 633
365 239
518 487
775 1
879 518
772 163
96 777
885 145
740 639
924 716
528 583
753 169
244 446
394 270
412 929
89 97
535 13
705 482
528 111
632 318
162 575
641 461
22 19
831 795
216 865
124 231
783 880
718 395
832 341
63 324
514 481
399 732
238 417
706 120
672 381
236 801
207 574
151 285
462 600
670 157
243 555
817 261
490 106
881 586
475 501
274 859
634 232
175 745
138 273
916 570
433 765
620 551
613 781
173 755
267 204
691 202
59 878
761 863
283 460
347 171
256 607
9 486
583 643
568 733
841 513
31 471
752 847
724 524
366 781
793 905
498 838
321 778
875 367
50 789
346 249
861 123
443 206
464 132
462 836
926 98
711 327
770 864
39 191
150 892
778 61
414 492
533 309
845 451
635 915
506 158
443 111
593 590
870 718
235 264
534 90
464 123
284 123
433 663
677 929
747 544
396 582
34 157
111 294
793 238
58 537
778 439
889 597
741 369
634 157
748 229
786 854
553 542
870 592
889 695
342 375
607 654
648 672
1 107
721 740
421 839
729 31
450 95
432 766
609 367
592 481
260 460
486 753
880 44
555 807
739 665
339 278
887 683
745 8
144 572
821 713
639 749
274 475
229 381
84 592
909 150
755 336
774 796
560 354
818 208
293 865
275 554
151 562
78 598
923 439
410 731
712 674
604 189
841 597
36 228
629 163
591 796
458 398
363 441
845 22
59 503
684 335
319 197
922 372
157 457
138 653
250 835
882 278
178 801
642 445
515 185
19 60
536 647
258 434
422 11
423 806
617 579
653 283
692 778
238 494
664 193
538 109
528 646
844 391
195 358
178 402
198 268
401 46
136 429
158 52
547 618
532 715
619 838
156 679
330 126
792 61
61 819
425 834
684 362
834 827
303 662
306 739
646 68
757 87
392 596
541 854
310 735
574 333
190 33
573 43
116 103
728 44
929 253
767 501
309 664
204 737
697 685
385 297
336 788
302 887
637 485
749 385
221 893
920 209
645 785
758 497
598 366
282 135
431 454
256 169
775 194
173 470
638 864
552 907
351 603
176 32
671 760
602 203
119 22
438 885
616 418
564 792
484 869
676 686
328 383
572 405
217 290
388 99
35 549
201 781
111 717
58 315
605 65
8 86
546 596
641 886
305 863
659 482
218 427
481 715
710 9
199 877
388 272
65 421
104 819
130 164
282 757
773 398
848 731
928 932
529 48
141 170
863 523
239 374
929 462
858 137
879 326
453 911
898 451
725 743
335 560
274 879
286 849
665 278
463 155
581 31
584 919
841 367
179 503
766 798
568 491
490 470
368 282
96 342
686 421
819 218
412 841
713 457
370 220
478 133
857 828
126 44
236 916
866 393
132 273
481 16
643 924
399 583
265 717
394 69
923 455
928 656
428 39
544 864
815 472
749 751
85 561
430 253
459 363
388 370
902 492
691 574
232 356
106 325
507 225
607 73
898 607
632 261
335 833
657 515
656 183
362 929
770 879
331 595
97 308
338 800
502 408
892 363
200 43
356 158
672 759
467 429
859 873
22 34
351 424
227 150
178 590
915 79
795 16
340 560
810 47
357 147
288 208
773 380
409 183
755 484
892 575
23 425
23 852
545 102
786 776
373 85
122 471
442 933
614 600
834 143
319 451
851 282
446 23
485 56
226 741
423 829
427 556
873 71
357 126
714 484
218 698
497 446
9 637
527 40
787 586
913 864
794 229
649 702
53 337
713 262
346 345
882 64
403 457
858 835
250 505
77 691
851 187
190 893
471 705
6 773
120 873
620 667
880 478
918 22
6 579
776 574
686 474
157 304
330 649
929 795
163 520
261 251
320 681
541 729
926 231
748 822
400 874
553 251
442 346
795 338
635 492
362 686
533 5
686 918
782 906
159 104
825 242
495 511
133 792
725 265
266 725
785 247
722 480
213 513
277 873
81 182
729 104
893 506
1 290
25 420
634 183
698 842
357 402
817 17
194 785
514 19
273 284
798 593
722 257
270 341
920 341
25 887
577 802
429 111
673 86
765 712
712 428
343 572
860 764
317 685
640 195
405 58
709 870
48 286
326 131
687 851
802 785
858 178
288 257
170 144
423 653
160 134
177 856
380 150
830 391
389 264
562 682
624 388
591 473
314 924
425 842
905 189
15 900
641 381
73 216
332 213
153 395
928 436
417 270
456 874
491 854
436 384
318 734
756 899
851 442
570 587
847 355
611 240
253 290
65 129
