1000 4980
191 924
931 12
473 305
842 465
718 324
284 493
600 547
28 980
361 734
585 295
629 604
770 623
588 938
18 597
844 316
582 529
701 816
426 479
117 185
300 879
870 402
356 169
212 438
837 144
451 32
252 951
971 380
150 768
994 567
631 144
333 583
82 179
621 760
584 70
360 955
762 178
341 604
291 910
516 189
377 810
352 213
794 500
260 627
737 21
164 632
147 594
770 800
402 211
441 980
850 498
685 126
207 147
265 6
374 736
446 813
674 615
933 607
201 417
679 506
370 655
385 749
226 166
354 43
193 552
354 525
232 692
373 209
239 445
194 342
549 986
732 819
531 420
20 549
657 854
58 141
43 557
739 420
705 244
94 806
342 374
172 706
943 621
840 845
252 203
604 144
936 116
275 388
21 189
495 874
187 173
996 653
581 608
158 894
749 73
469 556
897 523
382 839
770 261
19 757
956 741
684 290
923 347
265 706
747 450
196 68
363 732
474 69
897 676
436 32
346 543
19 431
846 58
672 116
949 54
43 910
338 607
854 513
797 538
286 967
304 23
35 581
141 509
309 985
933 100
862 154
534 727
186 305
459 741
833 794
214 38
281 496
484 763
484 686
895 667
461 581
120 909
329 241
863 994
847 804
504 923
353 235
245 45
283 256
503 318
230 609
893 552
471 234
662 780
740 206
194 836
65 5
433 918
269 179
198 347
881 973
146 373
196 608
187 534
645 739
43 304
153 221
597 264
561 582
586 141
414 610
364 825
40 212
217 273
244 9
249 972
869 640
875 274
14 183
824 127
167 533
900 265
522 177
646 340
92 778
835 74
555 325
379 198
895 529
15 348
532 106
382 881
508 276
440 525
718 989
739 550
994 296
578 783
812 298
537 984
10 662
123 221
876 724
200 141
945 840
123 343
405 407
794 739
745 713
946 711
943 907
857 923
947 460
574 176
190 670
452 676
839 272
132 190
903 834
797 774
262 996
918 861
696 512
905 564
804 261
198 124
897 848
915 349
252 442
517 45
787 931
629 734
535 298
774 851
541 738
182 693
303 407
520 901
199 610
40 932
842 643
421 105
837 583
558 863
742 461
464 447
559 569
781 505
892 476
421 928
967 18
787 421
735 443
679 414
384 656
436 633
773 853
8 967
300 765
320 542
834 938
68 907
12 936
731 256
345 253
384 405
679 623
520 204
850 248
491 453
169 860
188 454
893 225
16 347
162 278
555 853
710 951
401 52
408 725
797 944
815 337
356 426
125 968
201 269
476 451
414 550
954 157
52 712
699 26
704 7
565 221
741 142
870 473
121 251
599 32
837 213
307 647
787 351
679 802
403 437
556 118
45 550
88 21
193 332
971 535
858 29
990 398
51 486
238 454
457 874
385 392
526 986
297 318
758 1000
398 100
690 917
694 318
135 6
611 894
329 602
327 67
718 849
934 946
791 592
115 294
778 411
79 340
64 563
133 571
603 582
966 564
456 851
537 513
196 506
577 465
375 944
414 916
269 894
170 760
782 60
838 169
181 205
770 604
71 538
148 984
717 142
28 185
649 438
53 68
317 256
210 263
653 817
139 378
345 929
187 732
776 324
794 623
444 50
353 547
56 912
197 827
963 675
947 806
372 801
34 597
164 516
364 377
184 186
555 278
645 83
918 851
121 675
634 107
136 626
857 648
970 122
474 812
645 552
606 512
169 608
975 805
704 474
192 884
523 776
182 671
614 665
968 95
949 419
698 639
901 550
934 313
107 513
774 696
187 510
777 575
199 642
943 112
711 866
35 984
416 54
624 363
56 1000
699 411
175 443
612 741
518 924
704 307
206 882
282 547
559 810
946 530
14 154
128 420
457 82
516 706
980 256
389 451
980 880
696 715
711 640
965 325
930 658
201 514
808 75
113 811
989 778
847 959
846 941
88 39
699 935
536 110
231 581
726 327
584 380
654 963
930 387
931 346
7 585
381 570
19 43
826 978
718 651
687 600
541 1000
301 993
548 209
640 248
1 644
440 985
934 852
976 405
260 931
746 32
652 272
136 806
619 850
238 649
470 757
876 398
897 949
947 929
685 728
627 431
25 242
773 642
635 562
634 566
193 14
356 590
871 722
11 156
382 336
402 274
847 264
377 244
870 944
155 118
598 222
393 154
175 438
638 570
568 978
329 788
187 601
443 691
740 699
506 222
184 872
524 453
180 619
565 710
932 418
817 176
10 604
210 519
90 673
988 962
251 152
604 855
489 771
235 811
261 6
554 39
617 881
211 736
94 191
947 938
359 93
598 927
737 885
575 658
81 263
27 719
957 227
250 67
858 540
858 73
514 650
732 501
236 575
609 179
90 805
901 59
354 440
561 304
134 410
674 442
489 237
942 658
237 962
698 52
440 999
954 286
576 697
814 213
505 543
846 95
944 962
173 496
66 298
134 295
166 312
670 929
748 739
269 616
110 622
334 118
246 547
745 886
196 678
360 631
416 246
327 795
326 801
456 192
921 780
646 222
775 612
868 90
868 407
54 642
217 661
58 589
587 562
469 871
842 702
516 191
437 152
554 735
166 324
441 656
860 296
946 216
737 51
527 853
70 543
732 355
400 77
372 293
868 867
132 210
389 406
262 940
214 672
655 122
604 805
252 882
842 421
309 79
441 959
421 806
890 963
595 538
778 454
596 817
781 123
286 555
822 617
146 851
534 886
155 827
638 154
847 462
265 503
364 677
80 466
227 494
320 156
160 731
893 71
107 990
199 289
695 700
402 965
609 23
424 533
518 633
226 641
170 626
282 671
905 944
266 910
485 608
324 152
531 407
933 924
448 209
210 501
168 420
166 915
522 805
541 562
104 546
301 248
112 806
506 567
345 824
355 285
849 840
474 9
882 240
132 12
79 263
742 77
382 885
835 240
156 583
872 736
934 643
962 87
862 954
520 429
833 908
560 196
577 826
441 348
525 111
502 143
309 919
288 806
308 7
606 874
510 95
699 702
441 674
189 857
114 607
925 628
922 676
857 362
656 710
508 959
695 383
309 32
113 42
161 131
96 403
352 216
353 206
601 880
725 1000
891 7
982 615
489 412
787 269
254 612
559 383
114 11
22 128
982 632
687 150
781 791
727 496
586 7
995 973
720 610
827 454
59 816
382 643
44 479
483 386
687 968
784 487
29 195
604 248
949 402
19 520
330 424
301 15
870 806
834 415
763 303
280 381
748 620
329 352
416 103
426 375
365 519
524 618
742 492
744 987
763 105
857 156
857 855
700 622
900 778
146 758
662 888
714 504
871 72
773 651
268 754
838 89
414 42
436 742
532 936
966 343
820 907
323 5
703 63
206 637
690 32
505 734
37 583
976 898
207 380
685 163
670 274
748 619
379 325
680 141
641 128
554 665
165 357
791 996
922 885
619 962
129 515
245 661
448 244
224 757
838 449
433 903
193 188
143 362
164 16
845 998
183 195
102 285
421 655
80 442
320 644
943 467
547 465
639 981
568 479
549 131
966 304
329 493
334 466
994 604
909 929
25 850
961 571
818 859
638 509
747 605
378 607
646 571
896 171
471 608
241 953
990 101
114 287
276 626
293 659
821 131
797 208
523 395
378 344
13 12
578 590
588 731
91 565
411 594
719 478
976 776
370 59
351 570
887 39
11 567
104 979
830 458
196 633
678 101
713 228
623 36
53 940
610 910
365 650
224 919
354 986
942 490
601 241
233 642
641 525
269 836
201 707
624 667
925 51
593 418
441 845
408 803
233 763
995 636
190 112
834 377
266 986
356 661
337 935
674 805
14 375
642 986
545 274
366 273
424 760
187 52
117 235
725 795
338 56
958 58
527 448
641 303
880 571
862 42
681 574
791 591
4 899
276 744
558 995
192 739
556 362
395 347
601 841
819 501
512 97
483 344
568 691
418 550
18 99
823 575
798 460
249 149
137 553
525 59
871 836
445 142
584 1000
218 241
832 556
187 476
595 459
170 713
971 736
836 935
746 278
984 775
553 565
129 753
331 470
322 676
405 510
635 260
673 841
587 151
603 392
949 753
85 277
16 204
556 450
842 828
20 208
918 259
259 719
576 283
283 97
187 126
914 407
943 739
158 873
750 622
513 366
932 368
682 952
884 73
958 752
133 992
902 758
559 388
446 121
564 388
286 632
929 692
841 826
133 46
975 580
813 661
527 209
694 548
243 240
704 979
814 50
874 377
947 24
385 512
330 609
362 688
185 366
294 12
670 42
65 319
434 343
893 700
909 951
876 97
712 583
975 731
884 628
850 120
797 950
818 541
786 968
489 626
842 509
750 105
645 579
316 741
133 420
413 688
137 494
157 861
526 133
892 16
527 244
982 780
516 123
283 163
614 834
8 285
945 186
526 52
747 242
893 15
748 329
531 939
435 744
883 466
790 34
774 615
761 383
119 924
647 648
155 178
330 250
170 37
930 106
35 456
749 817
36 919
458 891
166 77
110 809
444 172
670 120
180 951
170 310
473 209
145 860
239 148
180 17
460 44
685 90
667 755
543 76
937 162
433 22
269 221
339 81
267 479
257 701
864 131
138 450
404 46
245 238
706 272
872 67
379 917
341 597
654 549
931 992
551 966
934 800
165 568
22 403
632 270
558 65
635 228
377 724
55 923
639 724
250 688
895 256
471 327
699 509
440 489
460 459
498 99
728 316
172 411
872 428
72 709
674 126
858 195
329 919
474 200
312 163
630 626
783 922
334 789
667 133
646 664
68 569
781 863
856 277
231 66
287 183
307 95
551 622
2 923
807 448
796 324
408 774
261 492
660 360
172 185
824 954
582 628
622 122
625 377
109 936
382 142
188 902
961 642
555 775
818 269
909 23
983 112
566 24
588 722
181 54
681 515
900 145
900 750
404 267
61 907
888 57
737 179
804 907
288 670
787 330
989 325
737 276
336 651
832 512
797 371
598 205
48 676
268 877
820 383
35 641
1 785
35 144
744 877
282 874
742 731
563 151
138 957
529 475
782 951
33 731
918 894
514 154
950 451
705 18
861 919
439 159
517 444
81 935
408 369
635 591
173 79
691 123
13 912
915 355
808 616
694 334
20 243
683 751
844 926
306 182
531 156
473 369
146 313
738 435
917 630
385 240
694 361
902 725
62 843
85 777
230 473
529 323
250 927
883 14
822 102
181 358
797 817
954 595
117 236
404 59
864 58
642 109
725 857
445 263
502 791
287 251
261 778
804 111
716 505
202 12
369 351
169 653
282 988
78 762
190 351
851 515
64 863
193 455
764 493
889 878
306 222
396 295
146 106
312 894
976 651
667 729
685 45
960 111
210 207
230 828
283 825
893 970
623 966
807 165
496 122
432 391
522 608
467 788
302 264
123 246
136 642
838 147
694 180
141 780
471 5
112 42
518 427
975 51
371 346
79 21
852 673
155 230
708 112
895 792
506 544
220 77
185 213
93 347
666 83
117 589
189 336
192 97
681 676
107 105
309 336
624 671
931 358
281 38
540 105
95 591
129 663
10 725
854 296
194 435
452 706
492 988
2 282
436 430
19 821
756 570
229 961
695 70
721 633
726 795
984 166
621 207
458 897
774 450
939 590
718 420
916 415
304 216
451 836
467 795
659 597
896 97
110 305
679 512
913 191
353 186
221 628
762 669
282 246
304 299
359 569
766 459
804 343
361 987
254 624
646 76
62 22
170 931
281 361
356 32
205 780
103 398
585 411
306 163
930 700
944 246
308 821
807 91
115 68
705 100
226 394
389 978
527 658
566 262
402 638
447 605
456 289
186 580
970 511
482 723
12 557
34 424
141 499
914 708
330 697
846 315
613 639
540 788
334 463
582 853
373 48
54 828
238 438
680 579
233 188
287 522
553 647
107 253
774 882
131 908
494 944
997 636
635 583
616 289
42 507
61 595
229 754
114 128
983 386
750 582
969 490
775 44
787 802
551 261
536 173
442 328
974 119
137 38
429 597
602 178
693 430
461 790
326 522
916 131
458 618
537 210
934 511
921 248
634 188
796 195
526 955
726 644
432 800
877 594
197 149
824 87
716 592
293 993
790 417
495 848
114 788
776 367
524 757
906 8
598 450
376 637
716 494
317 861
862 504
614 628
133 340
483 649
799 450
306 248
985 117
307 938
290 251
200 570
914 993
458 514
687 231
254 258
960 250
579 246
281 863
998 171
619 95
892 87
585 278
417 600
695 855
860 757
807 990
738 876
758 509
760 780
300 513
359 354
70 526
414 219
72 270
382 961
635 274
829 808
577 429
464 669
637 203
930 438
551 720
54 501
78 298
883 256
739 519
204 855
976 451
379 609
250 859
107 574
918 728
182 12
662 282
517 165
404 126
562 772
776 905
158 510
587 728
14 980
199 278
790 927
165 989
548 405
690 423
297 672
190 608
818 368
767 6
523 741
252 809
823 674
189 325
241 418
619 159
191 451
584 464
162 337
143 987
256 347
883 265
114 3
785 972
243 477
371 656
559 542
561 119
302 455
639 177
566 688
932 23
199 965
312 663
918 70
847 420
540 602
197 487
717 980
637 944
874 258
711 916
490 702
396 993
238 332
865 410
421 290
169 968
784 712
334 440
300 325
642 255
893 663
503 736
342 328
16 207
531 429
864 387
419 721
223 896
376 507
223 343
852 247
673 739
690 844
603 844
181 119
863 527
846 390
776 94
243 418
704 848
276 651
946 402
356 969
656 979
548 308
89 630
787 757
864 225
735 747
663 581
832 591
237 529
65 442
339 839
448 915
13 751
580 702
893 405
622 77
472 420
18 327
546 551
537 174
611 147
471 235
832 777
524 87
906 406
46 503
33 916
986 152
658 979
623 917
57 465
160 387
867 769
890 835
781 944
393 394
12 274
530 189
616 760
201 625
803 90
401 119
937 754
458 352
352 296
842 93
830 557
7 9
869 638
360 312
88 989
34 850
997 418
680 395
366 882
977 770
819 289
266 987
358 758
595 327
345 677
934 368
183 50
661 979
140 853
685 332
78 650
342 618
194 415
323 234
22 710
345 25
572 834
902 722
294 567
685 221
117 112
766 100
715 388
619 786
446 882
340 465
394 860
272 486
254 641
302 837
738 553
556 850
832 121
673 183
233 330
180 775
729 44
967 979
513 840
291 156
112 431
572 672
422 571
847 435
776 219
934 174
405 754
62 504
373 312
448 60
730 398
125 210
416 730
164 659
381 755
664 721
461 346
956 988
867 235
615 633
410 647
838 983
35 902
933 929
293 951
807 840
222 710
596 151
559 22
262 882
283 212
545 185
410 936
878 478
280 853
859 82
473 275
94 246
848 156
833 968
705 486
720 318
763 552
646 462
742 348
342 992
163 462
612 589
662 313
957 29
960 367
334 222
634 311
707 407
891 210
965 754
531 933
16 609
779 152
588 863
419 41
554 859
309 690
885 721
373 524
541 363
302 520
602 18
379 352
859 631
161 367
718 837
789 795
594 325
170 979
983 82
962 289
377 775
376 249
693 191
696 653
879 745
588 573
183 294
422 986
683 844
189 933
260 171
833 127
869 478
410 149
13 845
254 436
720 1000
2 43
458 236
632 590
814 58
818 892
814 463
322 162
395 216
395 367
624 376
254 984
717 288
779 763
421 329
647 437
985 68
706 649
157 169
243 381
794 400
16 802
588 677
754 240
918 274
739 156
792 994
63 531
266 214
655 975
621 96
68 406
950 834
238 31
694 650
98 255
759 651
119 701
652 217
691 923
526 141
801 111
682 34
286 60
549 788
15 477
146 348
727 920
243 663
690 3
667 457
687 750
27 86
616 836
302 348
796 844
783 407
180 3
736 724
791 936
556 678
740 475
903 377
372 93
532 710
674 12
961 992
824 940
507 671
660 644
342 529
299 105
545 844
436 545
588 563
2 895
239 156
866 845
398 362
297 913
335 50
100 600
799 387
893 474
593 910
833 476
552 665
147 415
21 442
666 468
705 55
137 725
890 253
377 415
407 270
820 638
876 56
658 592
557 583
112 149
863 874
190 343
774 444
540 826
171 498
118 298
941 853
799 618
139 205
982 564
470 761
785 493
345 126
1 236
347 213
202 411
708 98
332 135
705 337
523 246
524 248
283 176
7 688
118 648
86 882
342 488
966 557
750 479
143 46
976 557
902 325
971 907
857 68
894 916
833 837
833 392
281 123
737 303
413 185
452 575
876 841
669 916
308 571
833 297
898 551
11 688
224 123
163 294
815 834
559 820
473 785
626 178
947 23
234 76
680 401
827 906
19 697
538 459
629 837
188 525
872 26
262 849
746 598
301 757
930 316
7 546
990 59
312 178
455 986
349 574
901 386
207 542
588 256
744 213
62 840
446 29
103 499
785 291
696 333
471 698
807 475
166 337
385 811
354 891
624 245
765 877
155 224
446 492
14 760
982 34
452 550
33 863
145 965
164 677
239 469
357 360
303 799
559 75
265 318
200 614
506 859
126 121
239 885
382 455
156 6
40 79
107 768
210 643
843 219
138 842
784 958
11 89
895 549
126 311
553 247
707 322
307 400
169 592
302 666
596 969
80 975
742 54
852 421
984 160
602 422
233 601
803 965
737 568
394 453
862 879
497 905
997 521
208 905
181 116
949 702
911 550
617 507
516 214
882 969
404 712
313 450
646 268
593 927
991 744
870 526
227 93
300 686
269 279
807 204
763 60
114 891
56 643
389 51
155 464
977 298
483 617
268 721
927 968
134 805
2 110
662 383
369 964
830 859
812 834
523 817
746 747
998 712
584 215
968 494
743 376
179 570
847 120
777 32
717 176
457 759
585 82
614 418
941 349
814 533
196 351
930 46
80 476
310 451
541 491
405 992
707 621
66 149
319 741
250 291
361 425
252 3
170 881
608 299
864 80
455 985
344 811
634 397
320 360
230 815
799 479
230 133
282 228
379 128
720 802
822 473
517 213
660 563
700 715
344 800
663 555
833 507
264 810
627 144
482 52
449 498
175 582
12 996
969 574
531 291
139 221
593 475
297 588
797 859
373 653
88 733
185 36
159 82
530 270
649 806
348 9
793 633
827 856
64 752
822 243
210 993
928 255
618 816
747 664
212 511
930 581
551 336
895 503
918 451
370 109
80 464
78 895
814 144
559 514
376 817
336 989
432 195
408 134
685 997
291 264
205 498
652 605
635 511
891 290
283 585
675 772
302 841
395 959
731 477
767 636
680 686
71 750
847 121
744 533
598 745
377 76
639 428
587 698
514 118
37 74
455 74
85 929
349 769
562 874
170 515
194 871
670 844
30 385
763 921
35 844
107 683
236 256
379 588
590 249
575 314
136 58
214 231
599 117
175 487
964 867
508 640
436 79
703 177
40 869
882 724
539 790
921 343
904 515
852 780
541 850
433 967
964 549
52 724
753 318
787 923
954 962
918 36
989 343
500 83
598 363
194 440
933 899
843 336
476 850
187 724
866 604
831 722
143 219
870 188
796 571
157 575
196 526
452 656
694 436
861 876
753 675
648 156
758 156
317 986
602 912
85 149
190 137
656 998
549 836
732 36
182 919
965 880
716 251
609 279
703 613
868 398
410 648
857 955
108 702
197 576
492 285
455 171
238 642
396 775
582 915
725 244
906 966
637 82
484 675
175 706
694 470
803 288
566 972
808 683
334 49
332 888
814 314
138 730
678 407
898 454
897 574
568 651
695 850
789 437
238 939
748 165
477 124
297 55
265 725
357 364
927 528
970 632
202 309
182 318
153 207
958 307
9 5
872 123
284 725
226 757
379 29
586 552
823 350
779 650
129 825
524 780
892 6
20 72
84 672
784 737
322 672
452 972
932 899
627 45
846 276
900 287
545 15
405 525
906 745
852 240
789 894
284 191
336 920
515 246
436 632
456 150
592 835
772 388
166 191
170 249
870 656
358 278
960 123
357 527
819 278
503 769
931 135
606 377
164 468
163 676
976 867
268 206
831 422
297 987
541 375
502 150
359 876
914 325
471 545
786 507
86 729
572 424
311 780
131 50
918 626
252 341
945 237
643 24
214 287
753 178
112 203
536 936
497 742
976 778
542 628
541 532
635 917
502 975
218 503
358 405
634 731
561 522
218 69
914 486
473 686
717 29
132 856
405 204
334 162
544 573
63 127
376 415
394 95
739 241
86 377
90 59
566 637
864 249
510 884
167 141
649 406
572 127
464 348
266 984
302 321
12 36
253 856
155 95
320 815
976 756
306 858
865 673
595 1000
687 539
869 644
7 757
999 992
108 955
634 744
396 141
842 358
239 863
792 910
44 671
57 219
779 980
211 246
669 73
214 732
544 477
822 542
626 926
868 585
667 750
552 46
779 488
543 83
943 798
685 275
893 309
233 393
588 261
401 159
75 564
367 39
42 417
578 367
976 329
392 176
284 486
820 667
361 327
735 154
740 466
71 373
716 417
366 688
954 993
544 877
134 377
28 424
654 140
625 739
469 586
35 19
2 271
498 116
354 335
818 124
619 711
512 122
767 235
218 87
593 724
189 939
685 561
338 701
320 336
393 113
231 394
892 448
358 859
890 347
473 387
310 542
315 479
868 28
221 511
525 590
551 200
657 192
909 751
489 937
311 387
243 726
974 452
551 912
129 543
323 644
596 671
64 375
71 259
92 95
354 286
807 832
941 203
647 923
537 271
447 751
28 899
566 745
843 609
308 265
823 527
202 922
173 757
46 54
818 55
257 498
177 328
687 973
969 622
720 131
663 445
442 291
813 933
300 837
185 18
799 726
731 209
655 552
770 177
678 780
458 124
976 428
960 406
172 271
707 217
245 826
339 979
871 611
568 731
472 304
897 942
740 428
814 352
192 191
545 263
191 532
967 608
360 91
531 83
381 998
718 764
701 327
353 108
408 60
617 802
174 697
797 723
983 322
824 586
871 563
464 761
183 565
555 628
954 580
955 741
958 627
745 563
82 907
312 795
891 790
59 209
562 503
986 213
110 272
58 961
365 579
777 86
851 59
744 927
337 607
766 426
385 496
70 24
414 741
237 361
606 691
900 393
187 873
80 263
657 457
483 888
615 131
598 514
536 520
243 134
982 941
752 265
698 640
401 512
401 75
275 612
202 908
354 109
992 240
796 545
871 479
503 396
175 979
252 344
897 670
400 978
820 838
437 420
832 256
914 705
541 125
103 79
463 409
19 804
140 327
34 395
694 80
181 131
398 955
662 434
645 410
225 284
239 472
279 998
893 837
233 844
529 361
324 490
861 828
718 863
499 171
756 885
493 106
155 460
588 240
357 152
451 648
215 853
932 217
848 430
973 724
204 936
787 410
981 825
905 775
598 195
35 446
711 533
952 710
434 729
227 325
181 982
293 881
342 968
345 655
794 9
226 42
524 581
744 563
836 908
649 788
482 910
819 758
161 199
14 291
531 375
680 859
985 519
167 579
761 151
777 909
687 120
320 90
760 316
52 415
371 328
804 241
398 248
899 583
737 545
699 944
847 779
871 961
353 713
946 456
717 715
824 810
472 127
716 126
803 367
839 589
989 772
497 73
79 261
782 796
558 307
870 956
229 914
13 315
894 459
236 127
471 693
139 982
490 840
505 757
3 816
617 622
578 325
942 93
852 829
687 463
233 941
604 383
714 862
822 23
491 926
917 923
334 119
900 335
405 34
8 394
923 142
190 555
530 371
514 876
507 677
253 66
274 437
102 430
4 513
208 108
934 819
962 285
229 709
672 486
862 812
70 715
566 716
446 622
808 480
586 710
506 661
592 343
260 716
100 57
561 569
526 565
927 734
930 795
473 489
843 38
311 921
220 261
537 253
519 622
847 109
354 883
544 724
467 314
782 338
837 244
859 429
164 685
994 835
805 571
566 50
924 570
653 543
215 324
786 333
606 90
970 715
215 794
805 73
385 538
974 324
495 240
212 875
218 318
550 248
753 972
146 242
771 519
354 452
982 8
385 953
632 585
508 747
948 888
436 226
862 855
974 429
150 142
740 685
349 986
134 409
949 728
237 711
307 640
705 457
703 713
164 724
453 642
725 295
611 261
847 973
423 692
764 860
444 209
663 826
762 920
893 873
657 32
89 51
587 284
797 60
146 90
515 772
609 581
849 387
545 683
674 640
341 397
133 811
200 121
662 962
297 111
334 307
661 498
552 307
68 507
656 769
694 132
7 581
662 520
311 602
185 303
132 661
613 348
175 849
890 620
870 325
563 835
526 491
488 195
401 700
237 3
536 838
993 219
117 605
101 462
193 101
690 285
322 463
566 253
995 39
932 736
392 77
312 224
58 403
226 884
538 594
995 719
373 175
566 777
802 479
553 486
71 13
309 253
662 270
520 425
432 809
443 618
867 848
943 425
563 768
748 746
892 519
621 191
733 749
365 385
114 899
379 151
172 141
781 708
726 666
888 32
396 463
859 973
472 377
254 92
383 109
738 409
250 656
705 810
889 318
192 643
119 397
227 675
604 498
56 712
657 783
456 98
864 111
20 642
990 113
900 690
331 930
704 845
616 298
283 109
48 905
378 37
508 692
752 661
107 571
787 374
533 171
881 186
38 780
666 550
683 908
146 210
117 376
703 449
444 882
387 232
378 475
603 238
252 496
125 638
552 410
239 63
900 976
647 100
78 684
617 907
887 832
765 590
414 217
968 688
236 950
609 52
792 9
990 651
61 242
823 25
781 899
704 189
786 228
606 509
608 908
700 610
568 134
702 415
81 780
842 418
467 52
822 638
282 463
539 697
771 611
619 999
905 255
135 504
375 535
818 241
685 261
892 533
379 7
253 844
548 812
254 511
181 773
75 853
110 859
20 40
494 873
78 194
61 154
155 803
983 319
801 152
982 514
821 640
491 37
733 574
592 702
8 12
646 480
427 640
62 572
601 640
89 15
491 97
127 451
822 510
783 632
199 116
794 280
281 702
948 34
172 241
268 749
469 348
867 477
492 825
606 968
606 541
881 922
21 580
958 304
652 144
528 37
431 144
253 837
490 9
182 798
951 388
19 530
520 45
205 109
25 388
868 200
429 234
339 817
581 722
182 457
30 573
599 333
514 535
70 971
808 659
53 839
275 387
846 206
791 428
661 394
932 124
639 665
356 126
203 411
30 588
660 128
970 395
932 326
667 289
331 514
498 270
667 531
357 526
360 307
286 223
841 772
204 248
4 865
126 89
426 905
540 24
334 203
267 640
63 454
568 398
180 757
696 262
308 31
638 142
440 346
477 939
499 911
389 367
942 271
2 92
814 626
303 292
653 772
324 255
821 658
895 238
555 877
654 620
332 149
179 721
958 911
996 198
941 120
890 506
637 41
139 639
975 901
657 510
396 102
340 296
492 920
2 173
3 156
704 63
405 203
387 816
599 749
302 471
157 804
639 618
687 215
217 778
859 247
110 849
110 394
682 836
88 393
467 261
89 366
214 98
924 156
930 835
53 293
308 595
827 351
331 793
678 501
146 572
27 544
376 126
374 604
784 720
584 525
548 70
180 355
110 691
622 839
21 381
830 54
888 25
514 371
243 896
250 337
469 561
326 218
914 939
148 654
664 95
332 552
339 529
297 955
427 772
134 648
391 993
782 499
123 271
359 102
970 985
862 246
517 473
792 259
222 938
803 157
469 192
781 340
584 16
506 307
321 528
783 442
568 290
46 706
38 178
827 340
792 434
280 732
86 3
237 205
230 735
690 996
756 528
529 403
19 183
920 929
88 253
812 407
577 971
980 59
193 415
871 692
123 986
558 750
568 711
471 298
950 886
458 711
241 221
683 386
556 908
117 834
339 994
244 299
439 189
998 569
432 149
233 625
392 246
814 147
914 616
455 904
167 887
424 431
387 37
832 993
197 823
230 583
429 109
819 38
559 667
655 736
71 175
860 380
202 236
916 747
517 339
920 57
150 939
522 213
409 564
726 715
949 711
17 366
752 82
625 292
535 996
92 989
630 418
297 321
226 361
851 720
943 757
933 84
1 581
937 747
167 671
496 751
831 953
595 727
941 500
603 253
580 367
656 817
785 325
551 128
621 552
38 486
114 632
300 761
742 224
525 582
629 642
86 73
88 408
380 929
787 973
476 877
113 570
847 709
421 993
958 109
312 978
890 431
970 118
984 29
931 77
894 835
566 922
790 826
275 420
331 3
783 46
577 965
210 772
63 909
391 496
883 286
194 281
947 845
586 448
53 103
474 659
18 532
663 68
773 990
705 600
8 696
796 555
727 881
35 660
291 77
40 56
994 751
990 195
994 630
900 537
775 671
280 119
814 398
906 875
526 969
58 98
31 608
891 26
125 251
199 227
556 672
812 493
181 466
409 979
407 616
138 537
837 590
733 162
48 585
366 565
365 723
773 470
331 914
78 418
529 512
11 589
746 63
413 924
603 1
508 849
627 298
400 511
92 656
165 716
404 65
758 272
813 720
25 711
205 106
266 533
361 228
691 538
487 640
753 944
701 100
321 273
940 430
578 903
62 65
999 122
566 465
660 760
719 198
717 690
750 986
187 106
117 426
786 780
815 498
194 504
730 877
766 466
548 97
302 141
416 970
970 735
717 374
55 542
829 871
521 398
646 424
885 480
357 841
63 612
981 87
214 752
233 732
947 244
714 15
716 850
146 134
755 780
832 647
774 813
542 978
393 216
526 157
103 41
63 12
930 349
965 759
860 542
934 198
275 504
492 928
703 112
354 602
7 242
637 417
965 47
606 628
990 57
496 152
73 24
22 488
209 178
870 228
444 959
384 792
984 551
931 557
306 623
241 734
220 259
799 294
878 131
384 960
890 299
104 594
892 826
626 715
878 873
128 343
713 232
257 386
976 550
958 666
883 332
194 639
66 936
602 221
233 3
698 591
673 223
145 670
75 375
699 234
193 243
615 221
868 56
444 109
562 648
561 656
429 74
13 565
858 441
966 371
491 74
331 94
48 522
222 515
599 968
973 37
657 407
890 451
904 481
102 702
359 467
714 533
415 908
396 817
398 565
627 544
663 678
703 351
687 241
798 475
599 83
561 859
877 653
109 291
667 448
42 915
824 3
995 478
537 713
78 923
335 582
753 163
214 637
336 574
58 341
805 412
654 374
646 814
956 325
405 884
71 205
541 871
119 392
895 718
342 218
217 422
170 709
145 152
187 264
168 776
706 57
192 100
709 886
746 896
764 487
714 643
345 412
872 98
897 898
436 314
112 267
17 91
8 377
460 845
173 697
435 346
865 311
429 154
601 377
584 980
548 237
646 523
382 753
606 575
679 479
205 947
194 858
814 247
870 496
464 314
947 616
674 240
432 747
474 948
762 579
593 939
707 789
686 923
737 234
619 506
267 417
531 547
899 152
567 289
401 581
276 610
476 839
265 247
167 290
66 147
302 240
225 362
380 74
513 592
182 602
189 697
558 488
846 716
888 675
723 409
601 724
467 32
584 262
103 854
306 350
969 486
773 268
864 630
593 72
223 285
478 608
66 450
818 696
667 675
781 96
985 153
948 267
200 670
220 175
593 473
225 650
155 863
725 684
889 739
780 9
212 14
158 653
13 235
126 955
107 295
288 923
252 54
365 205
384 911
518 299
580 968
634 35
318 264
207 412
563 728
68 154
582 729
696 728
92 878
770 386
663 6
774 442
920 597
723 875
562 407
874 968
449 344
29 319
512 757
286 224
234 305
262 46
491 264
866 203
737 728
260 771
741 270
744 273
469 220
525 535
376 493
893 536
201 5
86 459
508 762
824 235
309 434
20 526
679 418
359 751
131 216
260 423
55 437
617 468
983 523
677 651
970 217
937 778
312 942
991 150
773 111
227 454
297 369
207 274
102 460
159 294
820 14
624 647
904 921
681 411
221 498
385 185
714 360
703 932
689 328
985 647
522 87
987 362
53 95
970 628
824 246
719 228
563 850
695 198
501 216
691 499
166 731
748 175
15 23
71 154
218 762
194 763
332 160
223 144
743 788
332 423
210 903
119 67
578 648
359 415
269 424
472 780
435 375
572 953
577 944
189 710
722 640
376 285
945 540
654 350
393 754
141 580
878 210
474 675
957 540
455 466
131 296
831 557
957 994
779 571
818 31
1 415
627 383
14 866
560 260
10 144
377 952
4 618
820 641
766 264
233 572
469 451
808 798
813 51
440 792
704 702
870 218
317 698
632 59
912 305
953 734
973 481
345 6
888 592
78 807
10 441
599 617
502 420
985 475
822 967
284 267
146 809
397 450
966 821
461 597
171 77
938 647
245 569
433 252
397 462
342 89
301 775
473 723
76 569
622 904
866 778
353 498
807 108
706 429
85 709
637 504
175 41
432 889
103 971
714 797
157 683
436 657
71 727
58 793
165 963
458 95
774 644
132 199
761 350
588 299
690 431
89 656
752 989
179 219
414 776
531 289
261 736
903 177
448 992
472 379
128 600
62 502
104 421
323 142
977 73
552 279
71 99
259 294
900 436
595 336
336 702
260 527
164 840
634 611
29 757
947 920
837 921
108 543
624 192
342 853
860 923
807 113
705 94
173 544
817 677
982 674
488 97
443 926
933 425
932 549
510 116
222 247
129 24
316 547
61 171
281 58
685 427
446 426
619 468
902 437
175 722
338 328
587 344
364 855
314 633
292 643
317 310
188 607
407 325
375 778
968 427
813 643
915 270
924 676
755 152
958 336
119 730
102 908
233 51
90 972
233 33
58 757
865 227
900 550
830 469
244 152
667 664
624 268
596 580
585 311
897 808
579 697
184 610
898 953
596 882
727 690
727 249
378 367
680 368
373 444
932 486
57 479
717 974
25 6
957 917
743 850
448 273
175 839
215 271
751 425
562 179
352 668
442 428
560 711
78 502
542 908
687 182
678 874
781 450
175 87
414 3
464 989
716 903
984 492
937 950
238 248
898 769
422 574
357 269
24 481
801 637
657 272
469 786
685 916
310 835
185 349
594 438
960 410
645 921
763 463
435 111
361 899
614 697
572 590
823 212
401 377
661 671
497 662
702 101
313 741
977 538
944 910
997 156
121 3
599 952
157 69
603 61
459 959
70 68
128 731
563 406
493 760
829 947
21 758
830 372
674 775
297 931
559 575
466 465
229 883
997 866
286 636
858 101
859 563
895 56
455 241
165 22
441 867
958 583
80 562
613 616
944 49
448 54
800 219
409 547
745 340
624 324
254 980
293 812
662 431
513 470
704 657
553 352
30 842
92 265
746 496
969 152
103 358
632 866
846 811
81 968
210 675
524 206
563 486
670 462
933 911
490 998
714 19
200 511
623 929
745 126
649 318
478 400
960 191
997 859
658 291
309 374
621 245
269 160
894 614
984 179
241 968
937 206
207 98
354 850
423 780
779 799
227 298
373 859
230 639
191 719
878 311
875 512
695 732
344 515
456 520
735 898
593 282
30 575
649 979
562 811
100 651
991 493
28 869
909 940
200 264
306 579
868 931
346 97
200 812
365 729
40 926
441 915
868 379
617 234
815 676
330 350
100 677
730 324
548 195
822 724
164 981
109 724
256 264
293 66
331 147
408 916
408 585
117 249
568 275
133 150
932 255
732 938
436 724
254 887
378 961
332 933
859 504
632 600
309 519
444 398
737 617
158 676
378 973
161 203
342 191
197 541
237 992
533 83
537 144
717 431
847 658
704 751
689 743
84 724
164 350
456 83
827 36
518 749
632 385
301 362
943 847
472 115
64 968
932 806
863 594
293 75
878 402
522 493
777 310
701 176
230 291
140 498
529 152
128 112
732 494
290 57
736 420
900 858
497 923
42 387
832 258
173 939
743 227
191 294
146 750
287 259
764 315
790 399
830 513
832 177
315 583
464 123
103 352
941 850
691 643
563 758
44 810
634 571
416 931
491 236
588 726
103 307
458 157
367 795
707 865
491 313
524 688
796 907
502 59
376 710
158 841
61 972
678 597
551 375
609 485
199 533
167 208
560 666
832 95
813 147
580 228
473 14
563 362
28 684
123 291
359 130
414 571
950 665
368 816
201 803
60 651
495 121
128 653
782 724
118 122
948 87
763 678
262 992
603 368
198 633
705 899
734 607
53 1000
921 597
722 350
117 434
82 116
302 555
998 772
103 270
503 677
967 640
162 316
205 815
614 597
872 969
237 60
275 13
43 481
104 509
574 486
638 677
548 248
51 643
53 999
196 632
700 102
520 399
739 5
807 116
391 826
945 709
140 45
231 571
162 124
808 821
182 400
755 590
802 95
682 367
399 41
938 757
930 423
300 811
849 463
229 993
356 908
568 213
529 304
877 256
307 147
680 153
39 213
523 143
372 506
197 180
705 769
14 780
695 398
201 267
790 711
234 809
739 124
924 940
887 600
504 59
177 274
413 465
107 863
22 698
776 926
218 628
568 668
558 312
906 825
997 307
357 590
85 329
862 858
650 729
752 143
199 651
539 700
259 59
705 724
595 821
897 722
48 400
746 203
503 522
16 292
141 462
252 778
290 437
393 11
156 430
599 289
394 640
659 778
345 535
548 993
38 910
519 835
281 356
118 790
84 501
781 441
379 601
358 927
961 952
752 311
973 274
995 816
681 304
862 970
938 921
613 448
560 212
980 228
103 15
584 218
603 157
821 569
1 291
648 908
423 411
779 809
373 804
909 422
602 648
586 206
765 16
326 973
153 37
148 421
167 587
960 166
816 327
807 959
937 757
283 343
891 698
123 481
838 813
822 301
396 800
744 597
202 397
145 371
229 36
222 840
458 524
100 919
808 449
621 890
750 628
586 928
843 562
110 482
143 880
667 232
391 713
575 203
703 477
779 612
869 933
838 875
250 512
584 811
30 142
394 406
680 255
475 493
846 143
831 279
355 550
64 777
874 736
679 809
106 195
987 899
17 676
145 953
698 911
975 650
954 942
168 109
336 325
869 49
372 639
284 745
732 533
930 151
774 923
879 774
755 835
113 140
225 875
133 478
780 291
268 834
104 425
139 354
216 171
803 620
210 38
517 806
559 403
421 44
595 292
136 340
564 327
396 100
909 786
12 926
259 951
401 985
433 374
210 909
229 74
877 921
107 866
329 643
650 533
545 348
230 662
857 149
92 723
826 367
442 398
133 901
832 719
125 346
599 118
971 549
655 511
587 598
456 318
718 570
700 1
647 962
613 507
358 775
542 498
874 835
945 817
488 751
912 428
201 186
783 790
237 535
975 594
312 636
13 21
166 828
741 972
341 319
62 23
944 247
269 421
157 246
584 94
359 414
513 403
714 891
742 652
57 450
118 950
334 134
369 718
408 351
447 710
603 532
729 721
695 803
553 802
791 760
112 296
990 151
773 301
114 721
460 24
26 543
22 1000
999 528
88 972
115 341
436 398
717 192
29 12
630 675
665 605
813 844
207 192
405 730
190 64
744 759
193 151
394 589
577 423
137 32
699 336
114 486
442 235
582 475
745 498
818 821
732 616
982 95
286 312
215 57
531 424
933 315
58 315
774 968
404 344
704 814
118 986
321 462
467 539
764 259
416 434
139 199
895 182
643 636
774 709
737 828
81 413
539 840
129 38
170 253
613 87
794 979
706 388
827 75
429 246
260 477
88 979
132 746
324 425
532 195
933 235
970 615
112 93
220 951
404 1
544 795
676 99
971 477
12 49
457 764
541 513
786 511
878 52
199 356
627 811
558 28
407 478
317 775
852 313
48 426
81 367
324 242
629 203
550 511
733 565
348 232
556 607
704 368
81 438
523 622
726 422
448 702
824 635
273 498
384 795
215 701
369 774
141 122
850 232
137 546
827 389
669 232
231 39
615 496
680 51
435 985
789 42
755 259
352 607
276 904
133 1
326 564
887 952
47 975
398 880
94 11
253 860
126 626
865 407
310 699
593 673
167 358
667 409
349 972
62 918
835 264
727 227
471 562
35 102
326 86
661 209
537 488
563 277
367 240
868 320
483 856
500 986
636 248
378 641
107 69
660 482
92 695
143 841
165 146
293 429
931 491
595 706
616 264
588 919
11 699
505 207
977 6
492 809
419 485
165 702
764 597
519 494
596 441
281 452
338 162
798 163
529 670
253 853
125 512
888 49
445 884
868 395
423 426
27 392
956 481
266 483
30 557
650 564
967 244
342 692
436 791
409 834
402 739
269 648
259 886
257 597
701 574
977 93
613 652
390 938
10 339
871 242
714 238
748 830
553 721
861 312
2 162
96 547
297 486
577 865
695 614
284 901
211 671
357 311
433 230
732 990
565 430
879 921
643 480
20 578
679 486
457 547
42 810
870 441
301 39
530 828
506 234
862 813
789 349
55 244
797 775
634 667
851 915
447 41
674 936
821 380
91 83
735 337
517 46
665 736
502 866
26 715
984 975
463 105
123 988
895 543
805 355
53 462
626 256
773 319
976 581
976 138
575 178
321 626
761 82
139 428
89 191
103 7
433 596
53 132
625 995
185 500
369 119
427 908
769 400
302 342
674 391
488 323
414 154
606 821
449 699
774 609
777 41
601 249
416 490
14 757
90 298
870 263
894 825
977 79
818 56
689 581
852 23
284 158
175 857
365 293
954 713
960 715
119 672
727 434
157 387
621 575
214 1
215 141
401 849
381 528
495 950
960 248
917 688
134 125
875 615
445 510
566 313
212 757
971 279
517 564
717 871
954 555
114 316
683 622
286 356
814 500
580 415
75 361
704 163
878 688
694 387
601 840
328 24
897 278
789 800
352 788
332 141
441 581
61 884
225 827
657 227
546 961
742 240
194 279
694 306
587 468
880 346
202 503
514 195
575 778
687 785
982 881
173 972
983 741
654 447
582 936
16 127
880 425
113 535
551 377
667 29
906 917
373 287
283 452
393 241
824 961
926 855
695 269
642 955
808 478
632 296
225 280
869 234
942 304
138 519
659 420
752 66
381 448
237 443
662 691
807 883
269 361
829 343
350 319
722 841
598 556
524 253
449 352
434 257
587 461
678 996
525 825
20 812
114 76
148 666
723 816
172 39
759 919
603 176
361 477
876 831
374 216
455 298
370 360
937 710
686 23
617 953
961 532
765 668
548 28
786 460
842 305
814 588
387 427
36 628
338 890
393 944
781 199
19 881
799 289
161 743
660 655
295 951
846 829
260 586
320 859
154 910
266 154
410 564
851 639
913 285
667 869
471 712
679 889
593 565
334 865
632 504
262 152
906 321
563 800
425 247
180 561
714 412
460 780
350 992
253 465
758 979
663 285
29 896
92 962
356 367
321 795
858 169
489 311
159 780
460 557
46 154
536 877
956 590
27 937
335 656
11 947
819 437
359 653
587 362
814 722
356 246
883 349
556 397
4 82
206 50
707 564
528 860
599 84
46 844
617 251
823 620
718 724
135 775
784 28
976 109
902 133
696 38
227 911
252 488
269 411
929 57
569 607
236 711
2 478
755 507
576 428
225 178
796 271
62 991
393 849
433 506
472 758
17 251
143 400
401 273
517 552
57 855
556 501
646 964
408 648
372 182
634 705
115 287
459 511
28 842
748 935
288 141
434 996
626 826
950 947
41 178
314 574
756 649
461 968
893 377
742 91
778 608
505 329
875 710
608 154
126 315
878 156
474 373
313 671
833 80
245 407
561 574
960 779
525 528
394 431
895 950
342 530
551 528
751 775
433 486
476 512
442 205
478 178
355 571
923 438
65 383
357 990
913 486
897 220
489 207
736 313
900 228
545 810
601 795
157 130
893 877
561 767
383 543
900 704
461 961
813 108
942 447
410 84
799 466
525 835
473 575
181 450
146 241
202 274
409 9
939 97
596 70
483 742
339 672
894 255
260 272
732 499
348 594
782 18
654 90
538 692
173 601
284 636
621 965
46 350
414 235
164 727
292 886
393 437
958 996
740 575
283 925
58 50
69 919
518 391
588 46
492 219
735 169
864 921
973 217
646 65
169 323
202 373
743 658
484 429
447 315
283 778
310 754
743 251
892 321
40 891
22 575
132 350
649 775
903 116
779 42
781 203
584 194
819 678
18 800
783 340
328 271
842 205
647 721
737 590
238 749
403 920
361 812
564 255
379 776
600 428
70 529
189 555
287 608
808 123
435 734
403 499
847 891
186 277
596 697
946 504
484 18
188 400
197 493
396 659
585 633
552 926
365 348
974 253
132 3
279 542
864 869
587 829
502 682
690 747
334 360
784 364
345 682
273 83
627 371
184 775
938 839
977 349
408 443
231 721
634 259
551 569
838 867
140 978
693 100
894 490
948 841
903 267
934 795
222 594
899 154
608 547
204 67
447 702
271 998
770 206
26 478
345 913
876 928
238 505
937 451
538 124
900 891
74 450
25 922
390 980
484 460
727 512
563 547
766 549
565 203
647 810
38 944
421 809
456 896
10 715
444 670
406 788
703 957
175 798
824 720
218 585
698 290
312 89
130 32
260 700
243 950
887 353
871 633
15 579
617 321
332 901
809 608
310 866
276 54
332 443
158 252
522 839
561 224
129 951
284 585
345 800
984 612
342 307
426 462
759 550
188 588
245 82
904 959
763 86
531 813
